1.238358119741746416e-03
6.860848734893345950e-03
1.297522789208119080e-02
1.988772811987313607e-02
2.766570602563444420e-02
3.541181475445098065e-02
4.358724228147983076e-02
5.117418784508954988e-02
5.915727338441792438e-02
6.648389202807297726e-02
7.429430620745694491e-02
8.259169562326176828e-02
9.044770494364501312e-02
9.789257390928239599e-02
1.058405536039832145e-01
1.134365849362735101e-01
1.215917484519751096e-01
1.291895469240697536e-01
1.368395770203287842e-01
1.448621150967092930e-01
1.525461537117726307e-01
1.604804846830918952e-01
1.685288121748269030e-01
1.766283786619438634e-01
1.845121831579740745e-01
1.920560466502708452e-01
1.999173417830573951e-01
2.077871423424283714e-01
2.157487402564779999e-01
2.234281090947693449e-01
2.311289117809455784e-01
2.390145614567593113e-01
2.476996635726274043e-01
2.547672012336293923e-01
2.630468780942715745e-01
2.708098749930716864e-01
2.786221414414480901e-01
2.864583422351065223e-01
2.943326312451826632e-01
3.020827915145002929e-01
3.100286193641497157e-01
3.180938068835929555e-01
3.256068509212411421e-01
3.345344211255794620e-01
3.416869298652892017e-01
3.491882265528887253e-01
3.572195978392520566e-01
3.653204722966169049e-01
3.734694764938671918e-01
3.807185248056862426e-01
3.884555803557468989e-01
3.964007136381917373e-01
4.044632266754989436e-01
4.121338698137215206e-01
4.204660137471868397e-01
4.286840842601502555e-01
4.361695398172236171e-01
4.441781879218812956e-01
4.517965769372258023e-01
4.593851151416710743e-01
4.673551582992290787e-01
4.754872007756467678e-01
4.835584182248742757e-01
4.910315541438864395e-01
5.005306497763156726e-01
5.071969713422411763e-01
5.146701072612532846e-01
5.227413247104807370e-01
5.309158625124127395e-01
5.388434103444565970e-01
5.464319485489018691e-01
5.540503375642469308e-01
5.622738713795740750e-01
5.695444412259771383e-01
5.777625117389406650e-01
5.860946556724068168e-01
5.938077941361429302e-01
6.018278118479349903e-01
6.097729451303804948e-01
6.175535926595171476e-01
6.252879182219783782e-01
6.329516451685869294e-01
6.410525196259512226e-01
6.491253434077549622e-01
6.566691354208691322e-01
6.637334950731947902e-01
6.726610652775325550e-01
6.801741093151814077e-01
6.884541825452943353e-01
6.961851246842731822e-01
7.039352849535912560e-01
7.118095739636671748e-01
7.196882700828397539e-01
7.274580412057024548e-01
7.352210381045022336e-01
7.435007149651448044e-01
7.521814349180789838e-01
7.592077009801446730e-01
7.670933506559581838e-01
7.747941533421344174e-01
7.826089828116712388e-01
7.905280854002065816e-01
7.984401156893072837e-01
8.063014108220944998e-01
8.141451641255738059e-01
8.218140829109330525e-01
8.299136493980496798e-01
8.379619768897856869e-01
8.459388031866179603e-01
8.536289562370078521e-01
8.616514943133882776e-01
8.693445610768877341e-01
8.774715118434991412e-01
8.852218470904967829e-01
8.929981387314838148e-01
9.009937012202465789e-01
9.084810655113978450e-01
9.163321170438049057e-01
9.247221734537844906e-01
9.326200546561193017e-01
9.403492709628612500e-01
9.481174707915205335e-01
9.557044163551293714e-01
9.639240056910264309e-01
9.718033412483091382e-01
9.795881432209412321e-01
9.867205596772565812e-01
9.933868812431827511e-01
