1.273647413485291726e-03
6.917039226697806187e-03
1.318485914028094154e-02
2.161340174628440663e-02
3.089197066861317301e-02
3.933753241409598117e-02
4.773462711983177814e-02
5.620292068450443573e-02
6.532158891722078531e-02
7.392481171948671326e-02
8.234108082993329969e-02
9.097742962625225693e-02
9.971808211779209508e-02
1.084435432096320789e-01
1.169599393159218015e-01
1.257389834285534691e-01
1.344767600227978199e-01
1.427651625106261257e-01
1.516272239476331718e-01
1.605606219384596023e-01
1.691930098431131402e-01
1.774247298693115982e-01
1.863260393965810446e-01
1.949131790632910310e-01
2.037837901286337905e-01
2.123824540591610355e-01
2.210629343573171646e-01
2.296921543213668593e-01
2.385030186944246955e-01
2.480724114796502844e-01
2.558078162256905430e-01
2.645250302221804906e-01
2.731319473775243312e-01
2.814963990380149883e-01
2.906732890005178649e-01
2.990608676040200087e-01
3.079176987225181183e-01
3.163718677381623934e-01
3.254909828747141187e-01
3.341220199602531471e-01
3.426521599816785280e-01
3.512478683700307469e-01
3.599461719369614898e-01
3.689332416128977554e-01
3.774410394554114645e-01
3.861741435311976112e-01
3.948024088058831871e-01
4.032135095601349639e-01
4.120878300647569659e-01
4.205932943096409860e-01
4.295081835958355909e-01
4.380026585924924332e-01
4.469553000294595457e-01
4.554613818360279121e-01
4.641980221939325801e-01
4.730239984461630520e-01
4.816742408181718393e-01
4.906898873645187398e-01
5.004890345184767053e-01
5.073368962095090584e-01
5.165833954697178765e-01
5.250027851278646907e-01
5.338683527966761044e-01
5.425654017380001637e-01
5.513023362584300591e-01
5.600241249815355316e-01
5.685112782778656282e-01
5.773865761474794578e-01
5.861228931062253400e-01
5.947663608969855353e-01
6.032170530678181430e-01
6.118993649118816824e-01
6.208633217015293582e-01
6.291402668301815382e-01
6.381669279226982461e-01
6.468256400730478806e-01
6.556522011752624612e-01
6.639514884828259245e-01
6.726221169849455617e-01
6.817016407049170112e-01
6.904714634781280447e-01
6.990974418827643477e-01
7.075246119028468783e-01
7.167137991992879043e-01
7.253091035736403125e-01
7.337719756625202816e-01
7.425287810755918372e-01
7.516664069115118751e-01
7.600687457699616401e-01
7.686487574291579472e-01
7.773175688097880842e-01
7.859584576913635212e-01
7.947879743357531002e-01
8.034749693428784312e-01
8.121552107001422938e-01
8.210169288108296604e-01
8.294795015508907854e-01
8.378810367416827942e-01
8.468973762444598208e-01
8.557198462648869519e-01
8.643283670348403946e-01
8.728352909152230499e-01
8.816539264444349655e-01
8.902262487932621760e-01
8.991825625989648962e-01
9.076923623766428584e-01
9.164565531078724403e-01
9.249702494760960736e-01
9.338043249922246547e-01
9.427390536279861566e-01
9.512892183318851780e-01
9.597383063295690242e-01
9.686303108350799995e-01
9.777190409062319620e-01
9.865183102935319859e-01
9.933467697733822099e-01
