1.444302069234568338e-03
7.047687847146287543e-03
1.315445185614109308e-02
2.155412234350483763e-02
3.005001040371791179e-02
3.842695078886031179e-02
4.680906542008905075e-02
5.523372102354847518e-02
6.343593686895464268e-02
7.178610514178979107e-02
8.055158809424754762e-02
8.887179480696225098e-02
9.772017111083584895e-02
1.057860959835263820e-01
1.143177673599044125e-01
1.230410893987317483e-01
1.311865863698258305e-01
1.401019921038413885e-01
1.476762293647103930e-01
1.563339657463723720e-01
1.652752148335360216e-01
1.739245775256639537e-01
1.820333773631033492e-01
1.901175958973836122e-01
1.991644757299123603e-01
2.072277287115157907e-01
2.155617828238098888e-01
2.240313370273805949e-01
2.329225336327572504e-01
2.413388403971041540e-01
2.498515045852296168e-01
2.578376709823015367e-01
2.664157899321962786e-01
2.748514167412451914e-01
2.838058922884820201e-01
2.919516630309625937e-01
2.999632191212670551e-01
3.088284940165359482e-01
3.174699324239833031e-01
3.257820564899239213e-01
3.345708157041674680e-01
3.426168064910757316e-01
3.513546578966686984e-01
3.594070930170302769e-01
3.678819888396859250e-01
3.762184179801280615e-01
3.848364278162019203e-01
3.935790910470132187e-01
4.019294405595284503e-01
4.103188205757878904e-01
4.187478400670126555e-01
4.275657952524228866e-01
4.354633287063525149e-01
4.442083754516902849e-01
4.524421057019814563e-01
4.613952371748927250e-01
4.697120714413570153e-01
4.781105342215610787e-01
4.868850874948988938e-01
4.941708559335620810e-01
5.042806024988497615e-01
5.116088879443156934e-01
5.203834412176535640e-01
5.290882182211920082e-01
5.370987382643219732e-01
5.460518697372331864e-01
5.542855999875243578e-01
5.630306467328620723e-01
5.717653764232074609e-01
5.797461353722016542e-01
5.884814690867612441e-01
5.965645348796856373e-01
6.049148843922020902e-01
6.136575476230129444e-01
6.222755574590864702e-01
6.306119865995284401e-01
6.391762081439185117e-01
6.475931004029000793e-01
6.560641882891615762e-01
6.641101790760699508e-01
6.729394306777446433e-01
6.812515547436853725e-01
6.898929931511321723e-01
6.987582680464011764e-01
7.070761383600396854e-01
7.157527911156015277e-01
7.239125874332262844e-01
7.323954553609443030e-01
7.409735743108400996e-01
7.490083315728289781e-01
7.575685672370968682e-01
7.663371525564570685e-01
7.749220349384987605e-01
7.833915891420708544e-01
7.916805921213292407e-01
7.997438451029318385e-01
8.087907249354610029e-01
8.169538321680765991e-01
8.253108033135649890e-01
8.336538517823577354e-01
8.425951008695224953e-01
8.512991142653916210e-01
8.597105477626764136e-01
8.678790535757076041e-01
8.759797958027986109e-01
8.850065229300437819e-01
8.932318800830870709e-01
9.013375869504480775e-01
9.101859632543217726e-01
9.185492251637979999e-01
9.273147081162559369e-01
9.356648763890911269e-01
9.442694528306438961e-01
9.524319677243302529e-01
9.608626732204762488e-01
9.694677677442289365e-01
9.781388617117475759e-01
9.866703018883886678e-01
9.934118395384000655e-01
