1.622938357110192313e-03
7.188144843892450321e-03
1.360000893587042133e-02
2.105535302965797981e-02
3.008561811519565657e-02
3.862637023593752661e-02
4.674896085637284676e-02
5.487742109491874215e-02
6.373858868092864560e-02
7.165326683160529175e-02
8.025124034069114343e-02
8.875656404912994624e-02
9.726484171501015297e-02
1.054818552846244484e-01
1.134995594537940855e-01
1.224283731510048268e-01
1.304871526069606991e-01
1.387325701237221154e-01
1.473040589579696358e-01
1.556950607112668750e-01
1.643106369498617825e-01
1.722252044896964429e-01
1.806631140200281038e-01
1.888365534728851658e-01
1.978385839853457062e-01
2.057303290777668381e-01
2.141322206743105083e-01
2.223260453258177616e-01
2.307843081874612623e-01
2.389428112437194107e-01
2.482734261592914882e-01
2.561156202194694864e-01
2.642809283418260380e-01
2.729757481088798121e-01
2.812388624273778892e-01
2.895258461264456074e-01
2.982330596193223937e-01
3.062991459521433035e-01
3.145507012773486322e-01
3.236006689099011346e-01
3.323433321037869703e-01
3.395466178497099086e-01
3.482367556911150075e-01
3.567448673564300177e-01
3.652657559021204037e-01
3.737350513822792486e-01
3.820154740747369049e-01
3.904001716794747168e-01
3.990889568579715774e-01
4.069571710063529246e-01
4.158599130857020820e-01
4.239751341384449534e-01
4.323285615707465612e-01
4.407312077221380853e-01
4.488322657336980548e-01
4.574295344284773357e-01
4.660752653817832880e-01
4.742751403425803924e-01
4.822109750875547274e-01
4.911079807416947052e-01
5.008464880094666283e-01
5.075662493757522320e-01
5.164521938947285173e-01
5.243510682612285700e-01
5.328680927393705247e-01
5.415211492173002128e-01
5.500677282445979310e-01
5.579425036512549729e-01
5.665145722086726288e-01
5.747459077915552106e-01
5.833410956507543155e-01
5.917638709236472394e-01
6.005579330446657593e-01
6.083208702505258358e-01
6.167879002845547687e-01
6.258085847263156198e-01
6.336700804847235080e-01
6.420215466243867075e-01
6.507559408946061996e-01
6.592197961311073717e-01
6.682095310620728146e-01
6.752073839783107045e-01
6.842943119893382109e-01
6.924644545889844238e-01
7.009282142369148705e-01
7.095137941644066304e-01
7.175616984922247310e-01
7.257878524322486369e-01
7.348348782865881113e-01
7.427362923178650878e-01
7.520948961203054450e-01
7.599091012936157741e-01
7.682814791029841661e-01
7.765703195586011187e-01
7.848011045885829873e-01
7.935252769573102327e-01
8.020699184970379036e-01
8.101461010368616877e-01
8.184388180982171690e-01
8.269763525097507673e-01
8.355863846502676884e-01
8.436402022084987795e-01
8.522574865667007504e-01
8.606026927960441775e-01
8.691564567509687533e-01
8.777613380945644694e-01
8.859106924419520857e-01
8.938914362326466634e-01
9.025953302084580576e-01
9.107529270404314259e-01
9.197382175553269201e-01
9.279012855413018013e-01
9.361243101301408576e-01
9.447212852871723632e-01
9.530760281306210890e-01
9.613278805172332797e-01
9.698141035657544817e-01
9.788117957108536382e-01
9.866861276251048807e-01
9.934058889913904844e-01
