1.209623747083014757e-03
6.236143431833449623e-03
1.231214882458904480e-02
1.902643727958053255e-02
2.697465625378072177e-02
3.512916805651511432e-02
4.298332153365010122e-02
5.130064854668273111e-02
5.873606835739460241e-02
6.629688584317945665e-02
7.467622785547148312e-02
8.262051995133717908e-02
9.026595729320019412e-02
9.821057286614989779e-02
1.063329677902845882e-01
1.142316115848411306e-01
1.222179528239830948e-01
1.301226583778811452e-01
1.375406878389824061e-01
1.455302992630294612e-01
1.537320583494576898e-01
1.616885215015939625e-01
1.695077334291870685e-01
1.773645492105463128e-01
1.851980108005624182e-01
1.929362264778115010e-01
2.011889013858991770e-01
2.091426213142337232e-01
2.169667270636470857e-01
2.248655097364164468e-01
2.327929842754116185e-01
2.408831736511708732e-01
2.494110972405914339e-01
2.568065460430344338e-01
2.646075283814858792e-01
2.725183193362931133e-01
2.805286303997248654e-01
2.885625364965508366e-01
2.961153078251367865e-01
3.039129855587822115e-01
3.119350128870813088e-01
3.204654993183458922e-01
3.277111105261766300e-01
3.363641044596760721e-01
3.442123219023435210e-01
3.519990091802893128e-01
3.600676502879219809e-01
3.679880558495418064e-01
3.757409713964988685e-01
3.838939576052914360e-01
3.916801003873934817e-01
4.002799641757293636e-01
4.077938207395871983e-01
4.157267766935646702e-01
4.237231016057643740e-01
4.314941571248403496e-01
4.396361144465025794e-01
4.474288663878073224e-01
4.553143389433771393e-01
4.635550078186825851e-01
4.711247790122282120e-01
4.793695280321459973e-01
4.871258292360103881e-01
4.938985928316574903e-01
5.041584660058867629e-01
5.109312296015339205e-01
5.186875308053984224e-01
5.269322798253160967e-01
5.345020510188618346e-01
5.427427198941671138e-01
5.505799578365784264e-01
5.583727097778834469e-01
5.665146670995451217e-01
5.742857226186213193e-01
5.822820475308212451e-01
5.902150034847984950e-01
5.977288600486563297e-01
6.062798192986511570e-01
6.140659620807531471e-01
6.222189482895456036e-01
6.299718638365030543e-01
6.378922693981223802e-01
6.459109654453213389e-01
6.536976527232678524e-01
6.615458701659350238e-01
6.701988640994345214e-01
6.774444753072649261e-01
6.859749617385297871e-01
6.939969890668284958e-01
7.017946668004739763e-01
7.093474381290596487e-01
7.173813442258859530e-01
7.253916552893174829e-01
7.333024462441254387e-01
7.411497591978472022e-01
7.485452080002905628e-01
7.570731315897115676e-01
7.651633209654705725e-01
7.730907955044662438e-01
7.809895781772356882e-01
7.888136839266486344e-01
7.967674038549829030e-01
8.051071827959342952e-01
8.128888691739304395e-01
8.208146891800081058e-01
8.286715049613678774e-01
8.365914229062354490e-01
8.445948344151785747e-01
8.527965935016071919e-01
8.607876424136153837e-01
8.682056718747157564e-01
8.761103774286144175e-01
8.841433561082944204e-01
8.920941647437472533e-01
9.002165596678822768e-01
9.082060303588009864e-01
9.158977983159346525e-01
9.238866616366172568e-01
9.323114375425944900e-01
9.398722550283784560e-01
9.474519739389941630e-01
9.558175355651853389e-01
9.636716890423200343e-01
9.718683700278155646e-01
9.798165890020155144e-01
9.866719660712659490e-01
9.933641520497176192e-01
