1.866098439888546874e-03
6.810418764073901746e-03
1.303621408112654555e-02
2.117049835451393844e-02
2.989696934709281523e-02
3.874354572786180284e-02
4.665403080675903369e-02
5.513395962203579415e-02
6.347466676954525988e-02
7.194253627106898807e-02
8.063444085814960860e-02
8.886595697247491599e-02
9.730772479449323331e-02
1.056990628768174761e-01
1.142693725866687215e-01
1.226904221528016953e-01
1.309567459147467916e-01
1.397456498951988313e-01
1.477398294800376377e-01
1.563243734869859125e-01
1.650585038168758123e-01
1.733892467549495442e-01
1.816900287558247395e-01
1.901587956611683894e-01
1.989841871789566896e-01
2.070274016622724589e-01
2.154853856970822268e-01
2.239411833606593794e-01
2.326962989690971317e-01
2.409725348932632571e-01
2.496902067365951439e-01
2.578437256751338613e-01
2.659692821911870397e-01
2.747152224664929365e-01
2.834699206961281970e-01
2.916848347587484569e-01
3.000991223650197326e-01
3.085402454482357171e-01
3.169834124787991869e-01
3.253841605081992383e-01
3.345301226980813003e-01
3.424901751872229116e-01
3.509671197462343462e-01
3.594701873612805576e-01
3.678609211425134529e-01
3.764419491962934239e-01
3.847780430425443710e-01
3.934174816149932918e-01
4.017021593594562456e-01
4.103368823983455371e-01
4.187086951936332402e-01
4.274129859941586673e-01
4.354832843908645335e-01
4.441941312386364360e-01
4.523156564814123648e-01
4.613642320103338856e-01
4.698271686436843453e-01
4.777455902502441010e-01
4.865160873562258681e-01
4.941764276632195085e-01
5.042141014701599921e-01
5.118744417771536881e-01
5.206449388831350111e-01
5.289634227341044603e-01
5.370262971230456150e-01
5.460297300011905941e-01
5.541512552439661343e-01
5.628621020917383699e-01
5.715478455455610396e-01
5.796366912889696632e-01
5.884085663286672263e-01
5.966921316614876014e-01
6.049768094059508883e-01
6.136162479783999757e-01
6.219523418246508673e-01
6.305855347193277671e-01
6.388816757870467988e-01
6.477362383808401569e-01
6.558131206954417314e-01
6.637731731845835093e-01
6.729191353744652382e-01
6.813198834038652896e-01
6.897630504344282043e-01
6.982041735176449659e-01
7.070185233683256021e-01
7.154488202436535271e-01
7.235880734161717065e-01
7.324272560725934023e-01
7.406038434112636182e-01
7.487573623498027242e-01
7.574750341931343334e-01
7.662450008685536273e-01
7.746466916731181707e-01
7.831024893366957951e-01
7.916031536958766379e-01
7.996463681791914357e-01
8.085180903122513030e-01
8.169868572175940091e-01
8.257314421679796679e-01
8.336621228616428736e-01
8.423496157509962057e-01
8.509830642962852298e-01
8.595437843998999794e-01
8.676774565801773642e-01
8.759437803421228352e-01
8.849152175938819198e-01
8.930854650593225141e-01
9.014768031416477978e-01
9.099185709636660180e-01
9.181500870779915058e-01
9.270145129082713042e-01
9.355240525489730841e-01
9.443586896446208856e-01
9.525197679792585248e-01
9.605232351933908896e-01
9.695120175801859030e-01
9.783315052605107143e-01
9.868122980979540104e-01
9.934555509216066449e-01
