1.568984528185725239e-03
6.547374067938917415e-03
1.274899492253676186e-02
1.963184358794363080e-02
2.762770791008438073e-02
3.572769515060297135e-02
4.379912981222042895e-02
5.179204754474305006e-02
5.970683748928624912e-02
6.797760988531978410e-02
7.569290662519975732e-02
8.327216141225603219e-02
9.164450425190116822e-02
9.950198766374244996e-02
1.076593964637180822e-01
1.156295459069115877e-01
1.232922114687259735e-01
1.314333917000198027e-01
1.398629289471374215e-01
1.474024882221187938e-01
1.554205483734075188e-01
1.636305160353889732e-01
1.709831774404952376e-01
1.795315655959578982e-01
1.875498533199874418e-01
1.950193504579204595e-01
2.033378343060574522e-01
2.116700023361315630e-01
2.193656411494909475e-01
2.267897963184822008e-01
2.356458985700852216e-01
2.432292726405086702e-01
2.509608281671323327e-01
2.588141175495921598e-01
2.673295789020045388e-01
2.753955030113361957e-01
2.834511205404775525e-01
2.908305891338675009e-01
2.992162373842718326e-01
3.072809652468687092e-01
3.151782656489087175e-01
3.230900507879513883e-01
3.321070174779023332e-01
3.390621991929267942e-01
3.471786846693266648e-01
3.554717430903137632e-01
3.632627847266155507e-01
3.712716847747533078e-01
3.794298984336873515e-01
3.874127942420967363e-01
3.950889065715425530e-01
4.029020158190725343e-01
4.112713924459932002e-01
4.190521773303091391e-01
4.278055517630935944e-01
4.354421268859232641e-01
4.434491868467904108e-01
4.510885957816112013e-01
4.589355456154982082e-01
4.670832352564314727e-01
4.757808573192479629e-01
4.835352224578503000e-01
4.911775197886590338e-01
5.006076611143684962e-01
5.072585635343676014e-01
5.149008608651760577e-01
5.231039097724272668e-01
5.313528480665947740e-01
5.395005377075283715e-01
5.474696921118663573e-01
5.554340309680034782e-01
5.629939564371032601e-01
5.714972018094915951e-01
5.793839059927173851e-01
5.872091531063693415e-01
5.957007343037405978e-01
6.033020678683818083e-01
6.111105216067889145e-01
6.194097597748861039e-01
6.271192896651711646e-01
6.351281897133089771e-01
6.432734127687717018e-01
6.512122897705976410e-01
6.593287752469977336e-01
6.681512831231736227e-01
6.753009236519729175e-01
6.832127087910160324e-01
6.912344956806816265e-01
6.991770189728281348e-01
7.075626672232322445e-01
7.157657508694190707e-01
7.231300947547244506e-01
7.310636774550955952e-01
7.397513633859623683e-01
7.475239282046075573e-01
7.552554837312314140e-01
7.632875415703037625e-01
7.716949600532581055e-01
7.793424759940023039e-01
7.872161765734395633e-01
7.951941631843530978e-01
8.035126470324898129e-01
8.114308279390719525e-01
8.190004318944513750e-01
8.276435260814060113e-01
8.358488566087048932e-01
8.432061551484943962e-01
8.512669997091443230e-01
8.597239958089715195e-01
8.672868628065291130e-01
8.754280430378238442e-01
8.832129131700895419e-01
8.915936155429547982e-01
8.993524807160808709e-01
9.076129920503398507e-01
9.155797063180992623e-01
9.231589611051546074e-01
9.313213102584612102e-01
9.393301510616209882e-01
9.473772824151260874e-01
9.557304310304867156e-01
9.633934347109615048e-01
9.715393862831591676e-01
9.797501652709695863e-01
9.867526169287085258e-01
9.934035193487084081e-01
