1.983049038900248223e-03
7.293836635364337254e-03
1.641026975658762752e-02
2.653990354677090990e-02
3.582015636314787865e-02
4.602781999093890491e-02
5.574111932585745083e-02
6.551140081566238227e-02
7.513411769107536387e-02
8.512792811790217962e-02
9.496898044224519331e-02
1.046665287166253372e-01
1.146608883159798975e-01
1.246392974591123415e-01
1.345661772551715041e-01
1.445447882248260818e-01
1.538406798219138505e-01
1.648402574631544215e-01
1.738196372573732884e-01
1.838148118064627523e-01
1.935313260252528589e-01
2.035949467387871137e-01
2.132096709389728617e-01
2.229982211474642595e-01
2.330730277279907947e-01
2.430625764031478508e-01
2.527640188271382260e-01
2.623914189710989664e-01
2.729116752751928887e-01
2.821045936421442968e-01
2.921793833539404472e-01
3.022795321499130439e-01
3.119102656393830109e-01
3.217398295152405496e-01
3.328710387760020484e-01
3.416863792965352808e-01
3.515343491346721860e-01
3.610436727470682228e-01
3.712015565617465263e-01
3.811945274191862465e-01
3.909618247749668263e-01
4.008159529377204322e-01
4.109245837499870824e-01
4.204365419325274411e-01
4.303353900820164335e-01
4.405274541630538332e-01
4.498739231272825267e-01
4.605114815164239039e-01
4.700156082473468944e-01
4.798544472699583507e-01
4.900110960919001335e-01
5.013402379191781444e-01
5.092554434597044155e-01
5.192036219903172212e-01
5.293727143861187701e-01
5.385465877438516680e-01
5.493926164243222443e-01
5.586523981790827431e-01
5.689311494695878935e-01
5.786215273277482973e-01
5.885065031667491287e-01
5.982848806058255198e-01
6.083896731527353996e-01
6.180702832990484508e-01
6.281096285384136779e-01
6.380590420617635594e-01
6.478986190473494666e-01
6.574563931953598672e-01
6.687150314906733506e-01
6.775247260585159914e-01
6.875266460361681986e-01
6.969489092343096326e-01
7.073793114034719887e-01
7.171238477420780466e-01
7.265252364003589314e-01
7.369588054949841593e-01
7.466728928484129835e-01
7.561676230682757849e-01
7.665319963414406468e-01
7.762765495487766731e-01
7.862277069042197253e-01
7.958371885502830700e-01
8.059928613920813723e-01
8.155009053195420021e-01
8.258263332418218639e-01
8.359224883165007336e-01
8.457461720897169188e-01
8.549553764773375475e-01
8.650615076495175026e-01
8.748182754204552047e-01
8.851269379367769918e-01
8.947910441629415290e-01
9.047803261752882520e-01
9.145346912901628489e-01
9.247006090328601102e-01
9.341506133227301945e-01
9.444318231580288714e-01
9.538544260817830578e-01
9.643174423262659278e-01
9.736753902977685060e-01
9.841545227196635270e-01
9.933636195645958455e-01
