1.261864831065177524e-03
6.680920399722878843e-03
1.263585459355285982e-02
1.992813865536208207e-02
2.891175000673295442e-02
3.696935944770017579e-02
4.470786832910085551e-02
5.352665870121808139e-02
6.192476966107177822e-02
6.985710430393585191e-02
7.818226216586675326e-02
8.634404641933919600e-02
9.484106553438284570e-02
1.029989923208904229e-01
1.111335843234339260e-01
1.193333762743963300e-01
1.277110739695986319e-01
1.357494785069711662e-01
1.437202945806120846e-01
1.523242971019715952e-01
1.604233497284812404e-01
1.687287563854976968e-01
1.768633221083597273e-01
1.851152934321934063e-01
1.934051104652057818e-01
2.015432656177216786e-01
2.098967913458532064e-01
2.179204720339598111e-01
2.263587322011694491e-01
2.345217193817659695e-01
2.424952931015887103e-01
2.511515649634447067e-01
2.594085335835092931e-01
2.675727203652669139e-01
2.757569506953537197e-01
2.842690052093641007e-01
2.924210254078962179e-01
3.007527360036771902e-01
3.089910738166359305e-01
3.170573412729278395e-01
3.253277661995248593e-01
3.340621629481553834e-01
3.419475634677462406e-01
3.502813562371209777e-01
3.585534283060956007e-01
3.669676917289220741e-01
3.752494632349150927e-01
3.831998577714879617e-01
3.913644482403613734e-01
4.004573269829478366e-01
4.078814465831459568e-01
4.163076828435910426e-01
4.249489942950288590e-01
4.328752520346140775e-01
4.411003447908045105e-01
4.494010475599160559e-01
4.578596538329957610e-01
4.660678299487246434e-01
4.745790971841671313e-01
4.823567361390500574e-01
4.906025687798872270e-01
5.008833807649076819e-01
5.075800933266670922e-01
5.158259259675040953e-01
5.236035649223870214e-01
5.321148321578296203e-01
5.403230082735585027e-01
5.487816145466382078e-01
5.570823173157501973e-01
5.653074100719399642e-01
5.732336678115250717e-01
5.818323389764201714e-01
5.902585752368656458e-01
5.976826948370630443e-01
6.067755735796505068e-01
6.149401640485233633e-01
6.228448526570374844e-01
6.311266241630304474e-01
6.394974527598129566e-01
6.477695248287881347e-01
6.561033175981630938e-01
6.639887181177541731e-01
6.727231148663841420e-01
6.810431355872581527e-01
6.891094030435496176e-01
6.973477408565083024e-01
7.056794514522897188e-01
7.137845387179823087e-01
7.222965932319925786e-01
7.305330101814304644e-01
7.386971969631884738e-01
7.469541655832524496e-01
7.556104374451095840e-01
7.635840111649317974e-01
7.718057631101756799e-01
7.802950671240492797e-01
7.883187478121559399e-01
7.967120065345658642e-01
8.048501616870825659e-01
8.131925577200419530e-01
8.214914619767136328e-01
8.296847924642228866e-01
8.380397949155165005e-01
8.462346421583679668e-01
8.549309867488854575e-01
8.629018028225258208e-01
8.709402073598989658e-01
8.793704840550480295e-01
8.877548602203495509e-01
8.958894522228924018e-01
9.041379166041153548e-01
9.126349357191586575e-01
9.207967199726306839e-01
9.290712038708444087e-01
9.370035385137081008e-01
9.454016494735617560e-01
9.542204398456793912e-01
9.619589487270805428e-01
9.700165581680471050e-01
9.790952357435164233e-01
9.866653396411279031e-01
9.933620522028874245e-01
