1.188491038059663997e-03
6.685624573584404186e-03
1.288147280532217324e-02
1.942083980837742280e-02
2.701493587685989753e-02
3.462263478676157885e-02
4.212166475623996265e-02
4.978635323165888499e-02
5.774592927287835326e-02
6.511191282896708343e-02
7.285461825802874714e-02
8.072711904887498735e-02
8.840087250019047771e-02
9.560147369437882459e-02
1.036987007780644371e-01
1.116612929809622790e-01
1.190788774563241448e-01
1.265038597073259163e-01
1.342512732107641604e-01
1.422317806231568060e-01
1.495631730648009639e-01
1.572507334792001554e-01
1.651838086994019406e-01
1.727346485883076987e-01
1.806823638078724481e-01
1.882546283978262791e-01
1.953084249766843528e-01
2.034373162838604421e-01
2.110995071015684954e-01
2.186697537486184117e-01
2.267269139091360464e-01
2.343728483858605605e-01
2.423973509463367704e-01
2.501455144852432477e-01
2.571926939158905023e-01
2.647047328388311693e-01
2.724535779308552286e-01
2.803876358650614908e-01
2.879420997757110023e-01
2.956837887659620190e-01
3.032239513656140861e-01
3.111406459859882290e-01
3.186539765706954408e-01
3.261474273564368143e-01
3.348603889966123570e-01
3.416644984021577347e-01
3.493510353707250937e-01
3.571888014425291802e-01
3.648594432202510451e-01
3.722288794102643905e-01
3.804606891812292724e-01
3.881419405589543459e-01
3.952805246791873395e-01
4.031664819347991480e-01
4.110810803493926691e-01
4.186888342567869348e-01
4.261719902211428823e-01
4.341391109254087999e-01
4.413630288844807570e-01
4.494174516200933889e-01
4.569652858033400600e-01
4.646597007490790299e-01
4.722540994159120098e-01
4.800526630355317348e-01
4.880530717147578135e-01
4.946946532215307224e-01
5.040164991939283246e-01
5.106580807007014000e-01
5.186584893799273122e-01
5.264570529995470372e-01
5.340514516663805722e-01
5.417921629084152535e-01
5.493399970916615915e-01
5.573944198272747785e-01
5.645744781372236121e-01
5.725875758529841431e-01
5.800707318173399241e-01
5.876784857247343563e-01
5.956387462397844113e-01
6.035679935386865091e-01
6.107896715472477256e-01
6.184709229249727436e-01
6.267027326959374589e-01
6.340721688859507488e-01
6.417428106636721141e-01
6.495805767354765337e-01
6.572671137040436706e-01
6.640712231095897700e-01
6.727388332758419409e-01
6.802322840615837585e-01
6.877865144417906196e-01
6.956601983094773400e-01
7.031629077256087434e-01
7.108601522714149690e-01
7.184146161820647025e-01
7.263980568323206155e-01
7.341469019243449523e-01
7.417014036922963127e-01
7.487976027307862159e-01
7.565038375485196864e-01
7.645283401089953967e-01
7.721742745857193002e-01
7.802770968466942181e-01
7.878473434937437458e-01
7.955561543580724759e-01
8.036850456652485652e-01
8.107388422441067499e-01
8.183527735007257720e-01
8.263413885157929739e-01
8.338922284046978994e-01
8.418253036249002674e-01
8.495540163026735758e-01
8.568854087443182888e-01
8.648659161567102682e-01
8.726133296601492617e-01
8.800383119111501173e-01
8.875012478604353827e-01
8.954638400633320172e-01
9.036017175535230317e-01
9.108023187477105598e-01
9.184760721990267163e-01
9.263915837425605870e-01
9.341342891716230001e-01
9.415002727277105299e-01
9.494598487689319688e-01
9.571245372443494270e-01
9.646674268629504834e-01
9.723628450710983806e-01
9.801273960357534953e-01
9.868443095139248777e-01
9.934477957826038930e-01
