8.111888111888111430e-01
5.000000000000000000e-01
3.706293706293710688e-01
2.807692307692308264e-01
2.125874125874125664e-01
1.749916749916748948e-01
1.483377733377732599e-01
1.268912905276540215e-01
1.119022391749664863e-01
1.006110439676874552e-01
9.089535173451251948e-02
8.281827523908961985e-02
7.589843540069778072e-02
7.110620717431853643e-02
6.620256248739210536e-02
6.346419508719577940e-02
5.990357343653391481e-02
5.641969295615423957e-02
5.350660981879881012e-02
5.123741160692969060e-02
4.930789188041681537e-02
4.720792448643669481e-02
4.550774563735228428e-02
4.376864541142892751e-02
4.216760059449142090e-02
4.058390919435959920e-02
3.920753446280463017e-02
3.780992857334689039e-02
3.663892928303378455e-02
3.565584914225028434e-02
3.452368419638646158e-02
3.337054481800971750e-02
3.233491319620857701e-02
3.138084479800085785e-02
3.065491007961938102e-02
2.977228210382916115e-02
2.896059195238591399e-02
2.818766287601727483e-02
2.744537458207851194e-02
2.676792336861194901e-02
2.627626537611927465e-02
2.557725235703002184e-02
2.500455394270773013e-02
2.443534188214289624e-02
2.388852464298098222e-02
2.334443605191932614e-02
2.284207430794454527e-02
2.237767794414627365e-02
2.191812992716350370e-02
2.144644576367367092e-02
2.105034242618514934e-02
2.063259614553376517e-02
2.022998538466430629e-02
1.986238744563597475e-02
1.950941599218330644e-02
1.914329472691141468e-02
1.879289960781028654e-02
1.847918487599153892e-02
1.815405280935262350e-02
1.785806868477056095e-02
1.757055367185448094e-02
1.721088665999010239e-02
1.698606531641562792e-02
1.672581330572710592e-02
1.647427804369230170e-02
1.621532114210454123e-02
1.598123651582474686e-02
1.573637902886280623e-02
1.549724068650008835e-02
1.528151198984128815e-02
1.507084802699409053e-02
1.492706741699670152e-02
1.471697681649301176e-02
1.453044411089083297e-02
1.432230895349020233e-02
1.413376232759281509e-02
1.402846005621067454e-02
1.384636440018648974e-02
1.373135891440944827e-02
1.356009144105126130e-02
1.339280209643832313e-02
1.323617944435815687e-02
1.305981289014246545e-02
1.290802497052272874e-02
1.275925262500405243e-02
1.260878128454997679e-02
1.246188322654241329e-02
1.238626278501239741e-02
1.224250177374196918e-02
1.210614619951634607e-02
1.197488911605209747e-02
1.184337585462388008e-02
1.170771078835882058e-02
1.158744841754023175e-02
1.146782147591107401e-02
1.134291943861640353e-02
1.122712450237240908e-02
1.111068594606851555e-02
1.100235920478607847e-02
1.088863529861035240e-02
1.077763100299434888e-02
1.067603793413465264e-02
1.056904793708340028e-02
1.046747016066553078e-02
1.036377858475615726e-02
1.026904442406957434e-02
1.017282182865225475e-02
1.007622421050723832e-02
9.985219062714401420e-03
9.894324558681494644e-03
9.805638112171439005e-03
9.714639614754338320e-03
9.628284947932530188e-03
9.596782309861150509e-03
9.516293482990517694e-03
9.434244085949696629e-03
9.348169883426149865e-03
9.271898032662788045e-03
9.195769285091649412e-03
9.111189645891887290e-03
9.043105489327742455e-03
8.982254363214167356e-03
