7.183098591549296197e-01
4.823943661971831220e-01
3.421361502347420314e-01
2.531690140845070380e-01
1.946680080482897646e-01
1.591633132126088757e-01
1.380980326402861114e-01
1.207230758287095307e-01
1.074843779069131894e-01
9.679580982397882616e-02
8.861159380525569784e-02
8.121202706434678398e-02
7.464166065962597740e-02
6.915956956046553916e-02
6.442687066515166705e-02
6.122664434157594482e-02
5.759044632472707509e-02
5.416229756892732700e-02
5.144984723988498682e-02
4.907981381058225401e-02
4.649592199242863488e-02
4.438246127074529923e-02
4.268045106385000287e-02
4.085951505185670546e-02
3.931068594425441570e-02
3.783155849348484451e-02
3.659535754826655218e-02
3.526853001192208764e-02
3.419944191491437052e-02
3.338425478255940132e-02
3.227914949755793239e-02
3.129265838644984532e-02
3.054787786740288322e-02
2.994046140554011692e-02
2.900381744434282066e-02
2.822965234945044172e-02
2.745300257279603001e-02
2.672352540130570539e-02
2.605231064690729723e-02
2.537130431240985570e-02
2.470736065185448818e-02
2.414749770977824700e-02
2.357422208725986831e-02
2.301513626405167143e-02
2.251117639037627030e-02
2.214790584045115904e-02
2.167146576720031456e-02
2.121610033360422573e-02
2.077423008066205112e-02
2.047140232852755551e-02
2.006055697813490316e-02
1.966988459227314232e-02
1.930730104301858416e-02
1.893313572384780832e-02
1.860454632385111912e-02
1.823624292880837716e-02
1.792496874255772310e-02
1.763256803558889071e-02
1.731282581109553839e-02
1.705625453898332311e-02
1.671737486091578670e-02
1.647809768800693672e-02
1.619850745961970429e-02
1.594858665899679881e-02
1.572045520230202012e-02
1.553860384545580932e-02
1.531700393808661451e-02
1.508216627051225250e-02
1.485405451275439645e-02
1.465420763245833813e-02
1.443513386430310755e-02
1.424210410798053099e-02
1.404426828013693139e-02
1.385329633409159052e-02
1.366702764864080079e-02
1.348526681975318123e-02
1.345912236924096117e-02
1.334798193252717015e-02
1.318402211374558250e-02
1.302761805658693428e-02
1.285582287170307890e-02
1.269442414617662912e-02
1.254479595246609479e-02
1.239555057538390369e-02
1.224260479098044849e-02
1.210271043977737514e-02
1.196200595536038580e-02
1.182131416737054394e-02
1.169221638515326525e-02
1.156702637194180830e-02
1.143823272326797459e-02
1.130547276856049520e-02
1.118543742856303001e-02
1.106643162370878238e-02
1.094909613506201383e-02
1.084018712255783133e-02
1.072161910885058474e-02
1.061209531240511934e-02
1.050107477677344157e-02
1.040261210475174579e-02
1.034767061737838084e-02
1.024489117536957900e-02
1.020093280379951242e-02
1.015095660655553934e-02
1.005662593519829513e-02
9.954618745324652837e-03
9.864667536991004321e-03
9.774287106361394944e-03
9.684797169147418491e-03
9.599288683314824086e-03
9.505526767795986764e-03
9.421559158564124861e-03
9.334340472384966211e-03
9.255206731341352258e-03
9.179544366506538211e-03
9.093604966860605390e-03
9.013225569697474668e-03
8.936488882980793760e-03
8.877254555679944120e-03
