7.823129251700680076e-01
4.727891156462585287e-01
3.446712018140593581e-01
2.503401360544217358e-01
1.950437317784256830e-01
1.642776158082279447e-01
1.392344239283013763e-01
1.207671957671956342e-01
1.082052867767154397e-01
9.702678274106851797e-02
8.732843120598215991e-02
7.998764829497113926e-02
7.348369525819446746e-02
6.859069442313257825e-02
6.368093793300709515e-02
5.981137912352037928e-02
5.624341259117822400e-02
5.351144547466103046e-02
5.086390051800476070e-02
4.848332046207601970e-02
4.594887042438777075e-02
4.373909951395854590e-02
4.188311400113083754e-02
4.061182211979624812e-02
3.882108345723807308e-02
3.734985266690753897e-02
3.595004255931382592e-02
3.461982401060998554e-02
3.336858021728816848e-02
3.244319911602707579e-02
3.152733026414558659e-02
3.075160440269029613e-02
2.978910546482722507e-02
2.908544974541808076e-02
2.833323354611335179e-02
2.753775529156107099e-02
2.683602112119966646e-02
2.608884303309857294e-02
2.539612363387660707e-02
2.476954725176057012e-02
2.424250656375507088e-02
2.368212184922076358e-02
2.321939352243189772e-02
2.285862478775935527e-02
2.258040581382535564e-02
2.209275099056339300e-02
2.161470735616749517e-02
2.112684489997772655e-02
2.070721596558127223e-02
2.029406280713309113e-02
1.988680784430873691e-02
1.949230633266917784e-02
1.914489363785850870e-02
1.876961872860132344e-02
1.843829309933490979e-02
1.808433495385278547e-02
1.777362233240201844e-02
1.746285083096744961e-02
1.715616737018400145e-02
1.699291322756728631e-02
1.665345854249864616e-02
1.642079434002630817e-02
1.615113224019321808e-02
1.588580137476426277e-02
1.565565110307527014e-02
1.540141938880560529e-02
1.517810994121569952e-02
1.494276344660007243e-02
1.471760304855572465e-02
1.452172766412700503e-02
1.430609105581487524e-02
1.411514726761290556e-02
1.392778110586766378e-02
1.372495333061878042e-02
1.353936414357159723e-02
1.336361402068880419e-02
1.318797617408471942e-02
1.301765126980254129e-02
1.285316393385074751e-02
1.269872534624508220e-02
1.253218586247958032e-02
1.238237711269233633e-02
1.222894731091590109e-02
1.207638884725477542e-02
1.193839450570283699e-02
1.179142637791894335e-02
1.165905549182726444e-02
1.152886004522529068e-02
1.139648974678871343e-02
1.127476391531945232e-02
1.114720464260597621e-02
1.102271624980731037e-02
1.090386733461523941e-02
1.078585046463504706e-02
1.072952889059612495e-02
1.062169540954298330e-02
1.050366227870692080e-02
1.040230243858988705e-02
1.036585213921110450e-02
1.026311109641664214e-02
1.015340425985528094e-02
1.005212376012410216e-02
9.953984375343137569e-03
9.862262556571653460e-03
9.821448621943533117e-03
9.773812814866670445e-03
9.683183001027639500e-03
9.597688094215871268e-03
9.507317800970705932e-03
9.419388520585542449e-03
9.331245322962871888e-03
9.249388740577435195e-03
9.166950366266964773e-03
9.088044719363396959e-03
9.007852692517966803e-03
8.929997240893832941e-03
8.850485781942224461e-03
8.776260313040403632e-03
8.716459858705258995e-03
