7.619047619047618625e-01
5.068027210884353817e-01
3.605442176870751192e-01
2.758503401360544172e-01
2.142857142857140795e-01
1.754940071266601342e-01
1.489714933592483914e-01
1.295626331340614945e-01
1.137944066515494540e-01
1.026068036272119038e-01
9.434873516506166180e-02
8.639571213100613600e-02
7.950332758255919396e-02
7.382190553748642359e-02
6.897617442967148016e-02
6.512601905453542506e-02
6.125422101306728789e-02
5.779425014655950599e-02
5.438501247768207092e-02
5.207908140033918470e-02
4.979468133273885766e-02
4.742600032906287705e-02
4.548229709550585809e-02
4.391613822748119400e-02
4.207069072770688173e-02
4.052652993404967652e-02
3.895515327422829216e-02
3.748082122823982731e-02
3.640875415481979044e-02
3.525380335444804752e-02
3.398492808863137760e-02
3.295508091022378294e-02
3.195631632252232679e-02
3.118935259833507945e-02
3.041129558048818321e-02
2.953843328496063778e-02
2.871635480314049804e-02
2.800548957665494748e-02
2.723783672962295718e-02
2.655949455288498032e-02
2.603384416231020737e-02
2.540759097573157960e-02
2.475364740378746889e-02
2.426003048681774077e-02
2.370783485549207356e-02
2.315711795606434364e-02
2.267581665047814846e-02
2.220156917553638490e-02
2.171967261992145334e-02
2.128284307897207461e-02
2.088969347873714452e-02
2.049835401731252629e-02
2.008165293978981386e-02
1.981875024697988402e-02
1.941814206910260146e-02
1.908921662688219112e-02
1.874412393390740422e-02
1.843553478262993650e-02
1.812032903040994986e-02
1.781809163283508760e-02
1.749526900432047880e-02
1.722468453035131200e-02
1.696086250930396375e-02
1.664021671243184897e-02
1.642428094793734958e-02
1.618429942594028226e-02
1.594082155822335034e-02
1.569329630506267198e-02
1.546606482377653122e-02
1.524118851744133037e-02
1.502795369162197164e-02
1.482386418229574877e-02
1.460707990471509996e-02
1.441197653498094144e-02
1.422284232964328432e-02
1.402013398766956652e-02
1.399220167590959144e-02
1.381981671250196581e-02
1.363945483834598515e-02
1.346763489435815267e-02
1.330135757299362627e-02
1.313685109523730736e-02
1.297549230816139737e-02
1.281816697877675125e-02
1.265504957041373169e-02
1.252396691680555951e-02
1.237926199463620404e-02
1.229865757829626781e-02
1.216348450472794045e-02
1.202036984008242500e-02
1.188302870517411562e-02
1.176298262321184319e-02
1.163623577479399804e-02
1.150248733097588259e-02
1.138611104361897386e-02
1.126905400321510063e-02
1.115228747490827448e-02
1.103238348720690827e-02
1.092508849288108957e-02
1.081655455601055263e-02
1.070926767947372009e-02
1.060096268044770015e-02
1.049954484782789077e-02
1.040079281745497596e-02
1.029385366430254738e-02
1.019463208409287537e-02
1.010630665890448025e-02
1.001194900087910671e-02
9.914083910203593669e-03
9.827037182255813144e-03
9.739099903906088193e-03
9.653197485595751623e-03
9.562350773715724145e-03
9.479901018925112124e-03
9.446338090809743709e-03
9.364155401511569526e-03
9.286642158935813629e-03
9.207416701915679610e-03
9.130997801711471587e-03
9.051531634371282747e-03
8.974025576280344682e-03
8.903028407100952238e-03
8.830500039127796297e-03
8.756575021283401206e-03
8.739288343730203593e-03
8.680899944476247812e-03
