7.565789473684210176e-01
4.605263157894736725e-01
3.218201754385968116e-01
2.450657894736841536e-01
1.884711779448621227e-01
1.544486215538846130e-01
1.312265037593983996e-01
1.152561802232853899e-01
1.012112521980943758e-01
9.105959829644046100e-02
8.250672025343071259e-02
7.516583809637206182e-02
6.943749430484595642e-02
6.530235305110031196e-02
6.087360719336174647e-02
5.693117522201485842e-02
5.357475667660321905e-02
5.068430922557445178e-02
4.776177949970300540e-02
4.528963151283627031e-02
4.358755271503837736e-02
4.189986050786625310e-02
4.071392324721025135e-02
3.943449079825611658e-02
3.766197593608145572e-02
3.648580519862883870e-02
3.531211695107627779e-02
3.403489921359576648e-02
3.281500549291007512e-02
3.192004325921795477e-02
3.076242367518077642e-02
2.986642929782054590e-02
2.910869223292355396e-02
2.833750148973737323e-02
2.755385220857482428e-02
2.679023081950840032e-02
2.601706784823155233e-02
2.534041272370014114e-02
2.470537925621235295e-02
2.401829575251931970e-02
2.341531537387478434e-02
2.304037620064326372e-02
2.247488157649399354e-02
2.194600563426448575e-02
2.144640403138806453e-02
2.098589055771994324e-02
2.053854236075122741e-02
2.020523490607616796e-02
1.977903129922852637e-02
1.940732188367655028e-02
1.900241378784955568e-02
1.863426850380499669e-02
1.839443504458753570e-02
1.804134496684258598e-02
1.772901541909832970e-02
1.749011980300144500e-02
1.715967083823324163e-02
1.697631915888420454e-02
1.670119765615019763e-02
1.640731582064130362e-02
1.608994062310929729e-02
1.587942829600718156e-02
1.570341772096801522e-02
1.547057093759235044e-02
1.530600490458341838e-02
1.505903936347737643e-02
1.483218003606353100e-02
1.462997689565053057e-02
1.440755956315529357e-02
1.420764507192833447e-02
1.399696203965522003e-02
1.380150996276015979e-02
1.360446546541050662e-02
1.343473356124755096e-02
1.324687174424458297e-02
1.305987731379835634e-02
1.290254171692988006e-02
1.273799178063194509e-02
1.256840045064095031e-02
1.240748308393551692e-02
1.224223538549898925e-02
1.211797196260783020e-02
1.195730256650630492e-02
1.188320982667127011e-02
1.174013534236827139e-02
1.159849702714226514e-02
1.146945406143936794e-02
1.134434517627236003e-02
1.120290413983552995e-02
1.108394294162796251e-02
1.095066814271838766e-02
1.083906871815547637e-02
1.072282557330389054e-02
1.060758623138375288e-02
1.049625735589022023e-02
1.038471357885724367e-02
1.027592357493646927e-02
1.017137273246462859e-02
1.007051697055708940e-02
9.967686716474227077e-03
9.866233978590733047e-03
9.774837449307802531e-03
9.676270675991319181e-03
9.580447102493000813e-03
9.489580189624084727e-03
9.398150097980234249e-03
9.312046394904443386e-03
9.227230086179014773e-03
9.141446202900589679e-03
9.060218429985861244e-03
8.972194269060582150e-03
8.893953451747768982e-03
8.815211176277960858e-03
8.736217238886840111e-03
8.706174227384972514e-03
8.631361731216632971e-03
8.555558100082020362e-03
8.478086283911744070e-03
8.411315531905235940e-03
8.354625468755719209e-03
