8.082191780821917915e-01
4.828767123287671104e-01
3.498858447488586432e-01
2.565068493150683970e-01
1.949445531637312989e-01
1.631196999347682419e-01
1.396662317895193406e-01
1.220060190950600920e-01
1.073160477270067303e-01
9.604527892199128669e-02
8.849817420022891568e-02
8.164486992549030431e-02
7.482188899074677935e-02
6.928005701198997057e-02
6.529037512407241672e-02
6.098833101695354253e-02
5.729710244308716671e-02
5.466375361864537347e-02
5.168019395258791060e-02
4.917832227103962478e-02
4.675150063279806534e-02
4.472874489466032583e-02
4.270981646055650727e-02
4.109705119018052660e-02
3.957261066347227130e-02
3.805739987083384818e-02
3.662859196786185517e-02
3.531605387021306136e-02
3.401014031573369734e-02
3.294124615303630627e-02
3.198509856690633785e-02
3.095583755848191690e-02
3.030672447446501605e-02
2.943041791922348938e-02
2.868804409263629382e-02
2.791417292566929567e-02
2.712886517714208773e-02
2.667775454342851543e-02
2.596131582767497240e-02
2.529817052790128695e-02
2.468294329135564680e-02
2.409594296304692213e-02
2.352502569535731489e-02
2.296775227548521203e-02
2.246883482348273689e-02
2.196012807498741101e-02
2.172431558856864273e-02
2.127875189713073628e-02
2.083093058048202106e-02
2.042256363305735775e-02
1.999698839546693030e-02
1.962365701929215389e-02
1.923523337462905089e-02
1.888469110568262790e-02
1.853616782716135600e-02
1.819805021639545745e-02
1.787165432427836181e-02
1.755103651159748562e-02
1.721569871015461717e-02
1.698737002179202121e-02
1.668833104637700362e-02
1.642233320898097565e-02
1.615563173373825781e-02
1.590057717869598070e-02
1.565219517975063868e-02
1.541194241193538997e-02
1.527009091541759074e-02
1.503316543374185778e-02
1.481249637028799436e-02
1.460250917794170787e-02
1.440044458892330605e-02
1.420210852926401604e-02
1.399298384141160929e-02
1.381519661609988125e-02
1.362435064134102404e-02
1.344323558296784543e-02
1.326331105391492099e-02
1.310103102650142862e-02
1.293275245831974722e-02
1.276458327851639520e-02
1.260356502715108754e-02
1.245046150161981981e-02
1.230550369107082792e-02
1.214774024666890814e-02
1.200457934513184978e-02
1.186798570015738970e-02
1.172933955676378967e-02
1.159259173109084169e-02
1.146521616415319654e-02
1.133492560298683498e-02
1.121124746637535904e-02
1.108968743319911805e-02
1.096963370562445937e-02
1.085168909294058348e-02
1.073351551975972214e-02
1.062016622729420809e-02
1.051508509052734297e-02
1.040930941651955696e-02
1.029998668304143473e-02
1.019571992561661873e-02
1.009282307760886802e-02
9.997544862222280254e-03
9.898721683922657305e-03
9.803467233168850284e-03
9.707777394654192038e-03
9.615673739410806817e-03
9.525650473225824935e-03
9.439030774755574962e-03
9.349236069225131188e-03
9.262333124543355861e-03
9.181004245411471948e-03
9.100717484756548625e-03
9.016628454485123637e-03
8.934330229760797937e-03
8.855437379488477825e-03
8.795214434652001007e-03
