8.169014084507042472e-01
5.316901408450703803e-01
3.849765258215963049e-01
2.926056338028169002e-01
2.260563380281688239e-01
1.844818913480884282e-01
1.557958864296891399e-01
1.345603926589840904e-01
1.213294921041399022e-01
1.089850290554516959e-01
9.858556936021722894e-02
9.045845586338532862e-02
8.369075058698083325e-02
7.785540643240239367e-02
7.235462136423621848e-02
6.813888302136669739e-02
6.433391544295891107e-02
6.066637824775893834e-02
5.754241780501170855e-02
5.482661551553166118e-02
5.208734124844735525e-02
4.991592694362220056e-02
4.828783210137867210e-02
4.624072770770389779e-02
4.478860947006300247e-02
4.330102991129047146e-02
4.197335941346513888e-02
4.043488858493765603e-02
3.905488454895870293e-02
3.772926422737384045e-02
3.649398000116763074e-02
3.529337952037375076e-02
3.415366799649889595e-02
3.319553646048169909e-02
3.241744622902634904e-02
3.150454168877506872e-02
3.063195057740021945e-02
2.980401801981292717e-02
2.905562181155302293e-02
2.833882157823902626e-02
2.763803674710771027e-02
2.691737170017660316e-02
2.634386154699276325e-02
2.568045487099648166e-02
2.511267920490398500e-02
2.457098493743754136e-02
2.402800494374231211e-02
2.351821277905209034e-02
2.305045562777845169e-02
2.257341415243097060e-02
2.214394894312373893e-02
2.167133013534644145e-02
2.127430903342614199e-02
2.087238686572799248e-02
2.049156915344394619e-02
2.013062180880635307e-02
1.976787620212528199e-02
1.942896138257823105e-02
1.909316939301067273e-02
1.877018367437743515e-02
1.846907572659963609e-02
1.815874941464257555e-02
1.787059928198820452e-02
1.762968827705820377e-02
1.728408894647840907e-02
1.705867630365361098e-02
1.680419419309389303e-02
1.654689518464995401e-02
1.631244946918642552e-02
1.607609858947725220e-02
1.593142436946410473e-02
1.571188347144401865e-02
1.549138589665749292e-02
1.528544316515464442e-02
1.508147144980230905e-02
1.487966016457198393e-02
1.469250074278456372e-02
1.456342093910047153e-02
1.438466671425420174e-02
1.419970937730682774e-02
1.402987507599919026e-02
1.385670286505625605e-02
1.376104187019802465e-02
1.359894098797826377e-02
1.344089284895162717e-02
1.326790307123016516e-02
1.312943454225687194e-02
1.296767553374747473e-02
1.282160613454204692e-02
1.268192963650328041e-02
1.254688150068396756e-02
1.240832727634221498e-02
1.227254341870739895e-02
1.214177559318790033e-02
1.201478945069719279e-02
1.189678451003683621e-02
1.176720484937360776e-02
1.164272681232899655e-02
1.152474074578519435e-02
1.140874616152001350e-02
1.129879720193266088e-02
1.118707861830350696e-02
1.107016735883045722e-02
1.096667010731460987e-02
1.085983487969583577e-02
1.075841898520214779e-02
1.065835729519010178e-02
1.055860462301408398e-02
1.045911262979604128e-02
1.041931594000711746e-02
1.033005664902952696e-02
1.023765620470702513e-02
1.014583910626165424e-02
1.005587969144767189e-02
9.967567862805757489e-03
9.881102287417368665e-03
9.797659769420399151e-03
9.714200056012962589e-03
9.628727863944473372e-03
9.550658958468124377e-03
9.473882012211262693e-03
9.393139423655829170e-03
9.316658612864861522e-03
9.239066031870480852e-03
9.165641724229789400e-03
9.102442072670075338e-03
9.041301026299694912e-03
