7.088607594936708889e-01
4.588607594936708889e-01
2.853375527426161296e-01
2.020042194092823429e-01
1.617239300783604727e-01
1.306133212778781416e-01
1.111191024165706642e-01
9.815216429140490029e-02
8.728434013244142087e-02
7.854229104229093483e-02
7.103938297162412652e-02
6.549927266042981922e-02
6.016618006296445276e-02
5.558766150845849408e-02
5.196473227648093496e-02
4.877961042959744198e-02
4.602236788670475282e-02
4.305951240662680979e-02
4.126432544964227234e-02
3.908647013856675345e-02
3.721545270816577905e-02
3.562780769638130424e-02
3.444031639066320871e-02
3.298103812999628875e-02
3.159267326880981636e-02
3.050262314507840022e-02
2.953256999393076912e-02
2.850582907250324288e-02
2.740517288931043280e-02
2.656186940441749439e-02
2.565300606260706440e-02
2.482419556801343172e-02
2.407123690027837548e-02
2.361128443016768594e-02
2.284618889454732155e-02
2.225833199006890112e-02
2.176128323544915255e-02
2.120115814548328287e-02
2.063191385726469151e-02
2.010346244041731276e-02
1.960766338935257536e-02
1.923809565424599438e-02
1.877049769929546238e-02
1.845276814713987801e-02
1.803650567366373372e-02
1.762584948822583028e-02
1.726489166739621217e-02
1.687287733652879582e-02
1.653718236837954311e-02
1.620598742847535745e-02
1.587075232411593040e-02
1.552188240986798230e-02
1.528748081135652102e-02
1.499474976031186374e-02
1.471348484310430402e-02
1.446569231075485115e-02
1.418424021847746429e-02
1.395209374602316386e-02
1.370268000063673206e-02
1.347650582073812303e-02
1.325420999228409460e-02
1.303878807031534290e-02
1.282563463993823850e-02
1.262701439241482870e-02
1.248966182091687700e-02
1.229803046246101192e-02
1.211319025209485478e-02
1.194072383935997073e-02
1.174283791265427410e-02
1.159027041946129703e-02
1.142376879226894397e-02
1.127048335127813633e-02
1.110733120800309025e-02
1.095507819388675912e-02
1.081861716473631919e-02
1.066316561588420524e-02
1.052879877286433744e-02
1.045318148627077254e-02
1.031302747113163436e-02
1.018417701652248389e-02
1.011334017978889402e-02
9.993291768266601011e-03
9.917664955803991156e-03
9.802983794873081774e-03
9.681586672147612579e-03
9.567527082190734403e-03
9.455033216762002285e-03
9.356797762690941683e-03
9.246835489402419755e-03
9.145240580622710294e-03
9.039198756366254375e-03
8.942690524662089482e-03
8.843993083679595885e-03
8.751726719257061499e-03
8.654450822329509338e-03
8.569154995324908264e-03
8.476636041210825617e-03
8.393083426073755238e-03
8.302639286110575015e-03
8.224797902767337285e-03
8.180392373458737765e-03
8.106354257008455827e-03
