8.108108108108108558e-01
4.831081081081081141e-01
3.490990990990995857e-01
2.655405405405406039e-01
2.085585585585583990e-01
1.731016731016730981e-01
1.451630201630201011e-01
1.261824324324323232e-01
1.111247611247611067e-01
1.024853524853525794e-01
9.370978120978125381e-02
8.595745470745462524e-02
7.954923653453056798e-02
7.396992165761508142e-02
6.913240640020817951e-02
6.624082216187474059e-02
6.253012581084989308e-02
5.939285350612576175e-02
5.661886487973444987e-02
5.362360443882186606e-02
5.136642013703485166e-02
4.887502459091667972e-02
4.669875220654771952e-02
4.466522965862507188e-02
4.282395221710962041e-02
4.164791582173228007e-02
4.005529792740804979e-02
3.877729722988976224e-02
3.742134384934574232e-02
3.655893741284584053e-02
3.538782374712223788e-02
3.425001277762345503e-02
3.308275067116998175e-02
3.219651948410991171e-02
3.120762921345165627e-02
3.035118753832725252e-02
2.952960408618493515e-02
2.874270164005153505e-02
2.798313045108329414e-02
2.729487975693548410e-02
2.661934650111840231e-02
2.594898689307354248e-02
2.536206485142399741e-02
2.471367369100441885e-02
2.420932307691064933e-02
2.370298642513220255e-02
2.329678127669727178e-02
2.279368107471273219e-02
2.229568355847454456e-02
2.188537657994319222e-02
2.156790831494411961e-02
2.114955830167496165e-02
2.073294704503663571e-02
2.035181337154206085e-02
1.995863928070087251e-02
1.958490673155666856e-02
1.925732992956403003e-02
1.891306173145177946e-02
1.860069323159308993e-02
1.829918541060150325e-02
1.799161946308027241e-02
1.769135281043577798e-02
1.739724353172385218e-02
1.713913445896256965e-02
1.681988250411993457e-02
1.660108696452086349e-02
1.636598482231213861e-02
1.611402513404939021e-02
1.587179350084762589e-02
1.564072095881564178e-02
1.542700211319164745e-02
1.521857299403841027e-02
1.499647213086571784e-02
1.480975178353311460e-02
1.460303143895710747e-02
1.439944969397039150e-02
1.421381359002755682e-02
1.402516425161703939e-02
1.384704080163563777e-02
1.367534358600483446e-02
1.350893677608306677e-02
1.334509570117842735e-02
1.317952483042321606e-02
1.301816220783564779e-02
1.287136570814909758e-02
1.280221037686676312e-02
1.263754590167632565e-02
1.249859297192680921e-02
1.234730664078789383e-02
1.221321806754190227e-02
1.208195921080878164e-02
1.194813325115093999e-02
1.181848948004476409e-02
1.169405015411807344e-02
1.157384071054160142e-02
1.144539717797081121e-02
1.131399737159543596e-02
1.126854948733152853e-02
1.115337297982700593e-02
1.104447292965959719e-02
1.093516025871583801e-02
1.082705561889946676e-02
1.072076233199961877e-02
1.061613305996019808e-02
1.051642188902188711e-02
1.041923061059402654e-02
1.031839537230664489e-02
1.022209630266165785e-02
1.012464770360087772e-02
1.003502912307052165e-02
9.941815980431725069e-03
9.856118338195052342e-03
9.765019797583155553e-03
9.679312966161247173e-03
9.596401003950634154e-03
9.511628083090173033e-03
9.434662702038540058e-03
9.355403301742740152e-03
9.270904598136212385e-03
9.192597125538163466e-03
9.117826313714629677e-03
9.044723156228904118e-03
8.973629391563616928e-03
8.896052382924485302e-03
8.824346862278561326e-03
8.756777804507242385e-03
8.694086853232757192e-03
8.635853419607375514e-03
