8.199999999999999512e-01
4.933333333333333459e-01
3.488888888888893036e-01
2.676666666666666639e-01
2.122222222222219512e-01
1.746031746031746490e-01
1.492195767195766132e-01
1.291296296296295110e-01
1.135824915824914655e-01
1.021165501165502143e-01
9.203241203241208090e-02
8.424053724053717773e-02
7.758681677799315890e-02
7.212348272642381264e-02
6.716271069831432350e-02
6.257196913853252385e-02
5.935764693969017292e-02
5.610556144423414077e-02
5.303086173932856917e-02
5.014181856790555364e-02
4.783646198138957750e-02
4.584080888293784461e-02
4.375624088647576959e-02
4.188647142040726606e-02
4.037035005876308397e-02
3.899696639047819935e-02
3.764835526612225758e-02
3.619022293987936983e-02
3.512145038756431942e-02
3.393649788676251361e-02
3.296094358753811487e-02
3.193120902588165999e-02
3.088717565801989834e-02
2.996781641594871773e-02
2.934878984619388245e-02
2.869246772355225558e-02
2.790879526375892455e-02
2.730136260406511653e-02
2.660476255119151659e-02
2.592954481138416700e-02
2.530402841035390982e-02
2.466773045519526225e-02
2.422592224839396555e-02
2.367766112411648707e-02
2.307821906903500739e-02
2.262682663047991399e-02
2.213424692488336412e-02
2.166489444087518410e-02
2.122915991157094812e-02
2.081509541666596436e-02
2.036771917265659329e-02
1.997145498722267820e-02
1.982068929174605684e-02
1.953831810986571618e-02
1.927864547164554257e-02
1.893506880785319341e-02
1.861345929955887310e-02
1.837591730100897672e-02
1.808404108344403155e-02
1.776236363855316844e-02
1.747605138942175812e-02
1.728504438363419674e-02
1.701446718016245974e-02
1.674455873917334719e-02
1.646862647526574353e-02
1.625083483719162031e-02
1.596263311595653989e-02
1.575799897568146146e-02
1.551346896277497854e-02
1.528874611356727080e-02
1.507666709998836500e-02
1.486241375132520831e-02
1.466262197307924113e-02
1.445174156242167406e-02
1.434828227473019906e-02
1.414731386319091795e-02
1.397017178990343604e-02
1.379217408493789258e-02
1.361108849721714455e-02
1.343176684151027762e-02
1.327559765621612493e-02
1.311327075866189178e-02
1.294220516431255491e-02
1.279284162373229942e-02
1.264461666574350288e-02
1.249452345309519374e-02
1.234927923278641808e-02
1.222325121006078048e-02
1.213488127872322866e-02
1.200177648671409657e-02
1.187130270624408603e-02
1.179778558156167195e-02
1.172710830993266631e-02
1.166272993362682878e-02
1.154005775625195108e-02
1.141487963843001475e-02
1.129686741472253966e-02
1.118383143620817546e-02
1.107800133270178157e-02
1.102232684972597257e-02
1.090615986905975159e-02
1.079979029375055001e-02
1.068903542221285273e-02
1.058678595670719223e-02
1.048524070730543108e-02
1.037987638106806741e-02
1.029104520748993015e-02
1.019533731758875093e-02
1.009937444345007478e-02
1.000727943393977387e-02
9.914729005895546801e-03
9.825335726971917705e-03
9.743162920386483697e-03
9.651916621128615523e-03
9.567108300283181516e-03
9.488384234264150494e-03
9.410216839935947944e-03
9.326033027698136385e-03
9.243087041469325027e-03
9.170316244507174461e-03
9.095185055811345551e-03
9.018253915283708580e-03
8.942854290480306556e-03
8.873827308126263150e-03
8.800465907223857173e-03
8.731266670253824344e-03
8.664244801968172191e-03
8.594700442387786382e-03
8.527950715773498919e-03
8.470572507383648114e-03
8.414609472046854707e-03
