6.971461187214609279e-01
7.658675799086759328e-01
7.986301369863014754e-01
8.159817351598174229e-01
8.228310502283106009e-01
8.447488584474885931e-01
8.584474885844748382e-01
8.607305936073059716e-01
8.675799086757991496e-01
8.675799086757991496e-01
8.847031963470320948e-01
8.938356164383561842e-01
8.938356164383561842e-01
8.938356164383561842e-01
9.075342465753424293e-01
9.075342465753424293e-01
9.075342465753424293e-01
9.178082191780821963e-01
9.178082191780821963e-01
9.246575342465753744e-01
9.246575342465753744e-01
9.246575342465753744e-01
9.246575342465753744e-01
9.315068493150684414e-01
9.383561643835616195e-01
9.383561643835616195e-01
9.383561643835616195e-01
9.383561643835616195e-01
9.383561643835616195e-01
9.452054794520547976e-01
9.452054794520547976e-01
9.452054794520547976e-01
9.589041095890410427e-01
9.589041095890410427e-01
9.657534246575342207e-01
9.657534246575342207e-01
9.657534246575342207e-01
9.794520547945205768e-01
9.794520547945205768e-01
9.794520547945205768e-01
9.794520547945205768e-01
9.794520547945205768e-01
9.794520547945205768e-01
9.794520547945205768e-01
9.794520547945205768e-01
9.794520547945205768e-01
9.931506849315068219e-01
9.931506849315068219e-01
9.931506849315068219e-01
9.931506849315068219e-01
9.931506849315068219e-01
9.931506849315068219e-01
9.931506849315068219e-01
9.931506849315068219e-01
9.931506849315068219e-01
9.931506849315068219e-01
9.931506849315068219e-01
9.931506849315068219e-01
9.931506849315068219e-01
9.931506849315068219e-01
9.931506849315068219e-01
9.931506849315068219e-01
9.931506849315068219e-01
9.931506849315068219e-01
9.931506849315068219e-01
9.931506849315068219e-01
1.000000000000000000e+00
1.000000000000000000e+00
1.000000000000000000e+00
1.000000000000000000e+00
1.000000000000000000e+00
1.000000000000000000e+00
1.000000000000000000e+00
1.000000000000000000e+00
1.000000000000000000e+00
1.000000000000000000e+00
1.000000000000000000e+00
1.000000000000000000e+00
1.000000000000000000e+00
1.000000000000000000e+00
1.000000000000000000e+00
1.000000000000000000e+00
1.000000000000000000e+00
1.000000000000000000e+00
1.000000000000000000e+00
1.000000000000000000e+00
1.000000000000000000e+00
1.000000000000000000e+00
1.000000000000000000e+00
1.000000000000000000e+00
1.000000000000000000e+00
1.000000000000000000e+00
1.000000000000000000e+00
1.000000000000000000e+00
1.000000000000000000e+00
1.000000000000000000e+00
1.000000000000000000e+00
1.000000000000000000e+00
1.000000000000000000e+00
1.000000000000000000e+00
1.000000000000000000e+00
1.000000000000000000e+00
1.000000000000000000e+00
1.000000000000000000e+00
1.000000000000000000e+00
1.000000000000000000e+00
1.000000000000000000e+00
1.000000000000000000e+00
1.000000000000000000e+00
1.000000000000000000e+00
1.000000000000000000e+00
1.000000000000000000e+00
1.000000000000000000e+00
1.000000000000000000e+00
1.000000000000000000e+00
1.000000000000000000e+00
