6.276371308016878148e-01
7.811181434599155926e-01
8.006329113924051111e-01
8.206751054852321481e-01
8.386075949367088889e-01
8.417721518987342222e-01
8.449367088607594445e-01
8.670886075949366667e-01
8.734177215189873333e-01
8.829113924050633333e-01
8.829113924050633333e-01
8.955696202531645556e-01
8.955696202531645556e-01
8.955696202531645556e-01
9.018987341772152222e-01
9.082278481012657778e-01
9.082278481012657778e-01
9.082278481012657778e-01
9.145569620253164445e-01
9.145569620253164445e-01
9.145569620253164445e-01
9.208860759493671111e-01
9.335443037974683334e-01
9.335443037974683334e-01
9.335443037974683334e-01
9.398734177215190000e-01
9.430379746835443333e-01
9.430379746835443333e-01
9.430379746835443333e-01
9.430379746835443333e-01
9.430379746835443333e-01
9.430379746835443333e-01
9.430379746835443333e-01
9.556962025316455556e-01
9.556962025316455556e-01
9.556962025316455556e-01
9.620253164556962222e-01
9.620253164556962222e-01
9.620253164556962222e-01
9.620253164556962222e-01
9.620253164556962222e-01
9.651898734177215555e-01
9.651898734177215555e-01
9.683544303797468888e-01
9.683544303797468888e-01
9.683544303797468888e-01
9.683544303797468888e-01
9.683544303797468888e-01
9.683544303797468888e-01
9.683544303797468888e-01
9.683544303797468888e-01
9.683544303797468888e-01
9.683544303797468888e-01
9.683544303797468888e-01
9.683544303797468888e-01
9.683544303797468888e-01
9.683544303797468888e-01
9.683544303797468888e-01
9.683544303797468888e-01
9.683544303797468888e-01
9.683544303797468888e-01
9.683544303797468888e-01
9.683544303797468888e-01
9.683544303797468888e-01
9.746835443037974445e-01
9.746835443037974445e-01
9.746835443037974445e-01
9.746835443037974445e-01
9.746835443037974445e-01
9.746835443037974445e-01
9.746835443037974445e-01
9.746835443037974445e-01
9.746835443037974445e-01
9.746835443037974445e-01
9.746835443037974445e-01
9.746835443037974445e-01
9.746835443037974445e-01
9.810126582278481111e-01
9.810126582278481111e-01
9.810126582278481111e-01
9.873417721518987777e-01
9.873417721518987777e-01
9.936708860759493334e-01
9.936708860759493334e-01
9.936708860759493334e-01
9.936708860759493334e-01
9.936708860759493334e-01
9.936708860759493334e-01
9.936708860759493334e-01
9.936708860759493334e-01
9.936708860759493334e-01
9.936708860759493334e-01
9.936708860759493334e-01
9.936708860759493334e-01
9.936708860759493334e-01
9.936708860759493334e-01
9.936708860759493334e-01
9.936708860759493334e-01
9.936708860759493334e-01
9.936708860759493334e-01
1.000000000000000000e+00
1.000000000000000000e+00
