6.808390022675736564e-01
7.573696145124716450e-01
7.891156462585033893e-01
7.947845804988661333e-01
8.117913832199545876e-01
8.390022675736961144e-01
8.458049886621314961e-01
8.526077097505668778e-01
8.628117913832199504e-01
8.628117913832199504e-01
8.628117913832199504e-01
8.650793650793651146e-01
8.650793650793651146e-01
8.684807256235828055e-01
8.684807256235828055e-01
8.707482993197278587e-01
8.707482993197278587e-01
8.843537414965986221e-01
8.843537414965986221e-01
8.911564625850340038e-01
8.911564625850340038e-01
8.911564625850340038e-01
8.911564625850340038e-01
9.047619047619047672e-01
9.047619047619047672e-01
9.047619047619047672e-01
9.047619047619047672e-01
9.047619047619047672e-01
9.047619047619047672e-01
9.115646258503401489e-01
9.183673469387755306e-01
9.251700680272109123e-01
9.251700680272109123e-01
9.319727891156462940e-01
9.387755102040816757e-01
9.387755102040816757e-01
9.387755102040816757e-01
9.387755102040816757e-01
9.387755102040816757e-01
9.387755102040816757e-01
9.455782312925170574e-01
9.455782312925170574e-01
9.523809523809523281e-01
9.557823129251700189e-01
9.693877551020407823e-01
9.693877551020407823e-01
9.693877551020407823e-01
9.693877551020407823e-01
9.693877551020407823e-01
9.693877551020407823e-01
9.693877551020407823e-01
9.693877551020407823e-01
9.693877551020407823e-01
9.693877551020407823e-01
9.693877551020407823e-01
9.693877551020407823e-01
9.693877551020407823e-01
9.693877551020407823e-01
9.693877551020407823e-01
9.761904761904761640e-01
9.761904761904761640e-01
9.761904761904761640e-01
9.761904761904761640e-01
9.761904761904761640e-01
9.761904761904761640e-01
9.761904761904761640e-01
9.761904761904761640e-01
9.761904761904761640e-01
9.761904761904761640e-01
9.761904761904761640e-01
9.761904761904761640e-01
9.761904761904761640e-01
9.761904761904761640e-01
9.761904761904761640e-01
9.761904761904761640e-01
9.761904761904761640e-01
9.761904761904761640e-01
9.761904761904761640e-01
9.761904761904761640e-01
9.761904761904761640e-01
9.761904761904761640e-01
9.761904761904761640e-01
9.761904761904761640e-01
9.761904761904761640e-01
9.761904761904761640e-01
9.761904761904761640e-01
9.761904761904761640e-01
9.761904761904761640e-01
9.761904761904761640e-01
9.761904761904761640e-01
9.761904761904761640e-01
9.761904761904761640e-01
9.761904761904761640e-01
9.761904761904761640e-01
9.829931972789115457e-01
9.829931972789115457e-01
9.829931972789115457e-01
9.829931972789115457e-01
9.863945578231292366e-01
9.863945578231292366e-01
9.863945578231292366e-01
9.863945578231292366e-01
9.863945578231292366e-01
9.863945578231292366e-01
9.931972789115646183e-01
1.000000000000000000e+00
1.000000000000000000e+00
1.000000000000000000e+00
1.000000000000000000e+00
1.000000000000000000e+00
1.000000000000000000e+00
1.000000000000000000e+00
1.000000000000000000e+00
1.000000000000000000e+00
1.000000000000000000e+00
1.000000000000000000e+00
1.000000000000000000e+00
1.000000000000000000e+00
1.000000000000000000e+00
