6.387755102040815203e-01
7.843537414965988663e-01
8.188208616780046079e-01
8.419501133786847502e-01
8.446712018140589695e-01
8.514739229024943512e-01
8.582766439909297329e-01
8.650793650793651146e-01
8.650793650793651146e-01
8.786848072562359890e-01
8.888888888888890616e-01
8.888888888888890616e-01
8.956916099773244433e-01
8.956916099773244433e-01
9.024943310657597140e-01
9.115646258503401489e-01
9.115646258503401489e-01
9.115646258503401489e-01
9.115646258503401489e-01
9.149659863945578397e-01
9.217687074829932214e-01
9.217687074829932214e-01
9.217687074829932214e-01
9.353741496598639849e-01
9.353741496598639849e-01
9.353741496598639849e-01
9.353741496598639849e-01
9.353741496598639849e-01
9.421768707482993666e-01
9.421768707482993666e-01
9.421768707482993666e-01
9.421768707482993666e-01
9.421768707482993666e-01
9.489795918367347483e-01
9.557823129251700189e-01
9.557823129251700189e-01
9.557823129251700189e-01
9.557823129251700189e-01
9.557823129251700189e-01
9.557823129251700189e-01
9.591836734693877098e-01
9.591836734693877098e-01
9.591836734693877098e-01
9.591836734693877098e-01
9.591836734693877098e-01
9.591836734693877098e-01
9.591836734693877098e-01
9.591836734693877098e-01
9.591836734693877098e-01
9.591836734693877098e-01
9.591836734693877098e-01
9.591836734693877098e-01
9.591836734693877098e-01
9.659863945578230915e-01
9.659863945578230915e-01
9.659863945578230915e-01
9.659863945578230915e-01
9.659863945578230915e-01
9.659863945578230915e-01
9.659863945578230915e-01
9.659863945578230915e-01
9.659863945578230915e-01
9.659863945578230915e-01
9.659863945578230915e-01
9.659863945578230915e-01
9.659863945578230915e-01
9.659863945578230915e-01
9.659863945578230915e-01
9.659863945578230915e-01
9.659863945578230915e-01
9.659863945578230915e-01
9.659863945578230915e-01
9.659863945578230915e-01
9.659863945578230915e-01
9.659863945578230915e-01
9.659863945578230915e-01
9.795918367346938549e-01
9.795918367346938549e-01
9.795918367346938549e-01
9.795918367346938549e-01
9.795918367346938549e-01
9.795918367346938549e-01
9.795918367346938549e-01
9.795918367346938549e-01
9.795918367346938549e-01
9.795918367346938549e-01
9.795918367346938549e-01
9.863945578231292366e-01
9.863945578231292366e-01
9.863945578231292366e-01
9.863945578231292366e-01
9.863945578231292366e-01
9.863945578231292366e-01
9.863945578231292366e-01
9.863945578231292366e-01
9.863945578231292366e-01
9.863945578231292366e-01
9.863945578231292366e-01
9.863945578231292366e-01
9.863945578231292366e-01
9.863945578231292366e-01
9.863945578231292366e-01
9.863945578231292366e-01
9.863945578231292366e-01
9.863945578231292366e-01
9.863945578231292366e-01
9.863945578231292366e-01
9.863945578231292366e-01
9.863945578231292366e-01
9.863945578231292366e-01
9.863945578231292366e-01
9.863945578231292366e-01
9.863945578231292366e-01
9.863945578231292366e-01
9.931972789115646183e-01
9.931972789115646183e-01
9.931972789115646183e-01
9.931972789115646183e-01
9.931972789115646183e-01
9.931972789115646183e-01
9.931972789115646183e-01
9.931972789115646183e-01
9.931972789115646183e-01
9.931972789115646183e-01
1.000000000000000000e+00
1.000000000000000000e+00
