1.465735758275417628e-03
6.826803852514777733e-03
1.329395028080886630e-02
2.098282664718688698e-02
3.102932886095780690e-02
4.106229369889850822e-02
5.263007440555844685e-02
6.096343919846443360e-02
7.157213621529470715e-02
8.163000364425206101e-02
8.995438113053405571e-02
9.989801759928862435e-02
1.115414957420651776e-01
1.215273287952977344e-01
1.297896176254153544e-01
1.398114615794791293e-01
1.495554432935957967e-01
1.605843461012590179e-01
1.713034803889111057e-01
1.796696241199410848e-01
1.887144143054111378e-01
1.987472656917576019e-01
2.095173648889904483e-01
2.186105703603685446e-01
2.295038186784822687e-01
2.395282485637778014e-01
2.498020236216943746e-01
2.576985344399350675e-01
2.669127141443242701e-01
2.776732904067709118e-01
2.894077589121215044e-01
2.985736502083772836e-01
3.084850139751241227e-01
3.176564633128004522e-01
3.278771743233908076e-01
3.363339232231696840e-01
3.484956667182773637e-01
3.585113213384883979e-01
3.669541911880911389e-01
3.769381484173496277e-01
3.868254741377963324e-01
3.969211327311180093e-01
4.067957959042712845e-01
4.167750161281605914e-01
4.270131211208059163e-01
4.360067431533182214e-01
4.467938735917255100e-01
4.559031561096760221e-01
4.668549067980251044e-01
4.760480493257626122e-01
4.851926764621294907e-01
4.981637981752683464e-01
5.062863886417066084e-01
5.150709154151627001e-01
5.259616340960666658e-01
5.350272661921390283e-01
5.444320298854955498e-01
5.550875156832111301e-01
5.643026978609781974e-01
5.743433913067115260e-01
5.859957208349909630e-01
5.943692632368964279e-01
6.043809619196676142e-01
6.142491256039728231e-01
6.243183175779666305e-01
6.325317402462905525e-01
6.443552305792054069e-01
6.550691353466773226e-01
6.650249992885873818e-01
6.734835594245147661e-01
6.826731236371543776e-01
6.925727081671794183e-01
7.035248959156308324e-01
7.136120506416572251e-01
7.242027523446840087e-01
7.334655444787128165e-01
7.418315822168412010e-01
7.518084786848221457e-01
7.634862911619875181e-01
7.726335459288289353e-01
7.818353659735010064e-01
7.925845020341989455e-01
8.026523115384183171e-01
8.117507293506982524e-01
8.217797765095244955e-01
8.326315380998702276e-01
8.417840192654292286e-01
8.518569970349494369e-01
8.619177751158190182e-01
8.700757166020712807e-01
8.818700520087782158e-01
8.917168101430229532e-01
9.017674984836656638e-01
9.100821857312633156e-01
9.200245223895082702e-01
9.309643740380426635e-01
9.409978817685701324e-01
9.509798424008130135e-01
9.608622563666775473e-01
9.708690090821449070e-01
9.795533255582202781e-01
9.873705449301859449e-01
