7.795087461624368164e-01
4.872381572830300489e-01
3.457989027104904634e-01
2.589518420252273079e-01
1.935485713619812254e-01
1.545764223450576957e-01
1.253858164408042097e-01
1.108792490906096440e-01
9.661568798084649301e-02
8.634347221840840692e-02
7.921981730739577343e-02
7.218001633739797029e-02
6.547738024481819519e-02
6.097873396134041724e-02
5.742242956671552573e-02
5.369092230038936819e-02
5.051240797381103403e-02
4.747541742923194752e-02
4.476005246852866187e-02
4.297928946353436752e-02
4.121039249600406962e-02
3.933060559595404765e-02
3.751869245139544812e-02
3.608213384322679629e-02
3.452625189636514963e-02
3.323316058055152816e-02
3.195738158080010244e-02
3.106667313116993553e-02
3.010599278823409414e-02
2.911046178706457738e-02
2.798279425073033067e-02
2.714382567155707027e-02
2.629836509050410484e-02
2.563369008831587609e-02
2.487771719627075023e-02
2.428563764091066710e-02
2.348058130055450873e-02
2.285812737872761763e-02
2.236989588360728184e-02
2.180744499394101157e-02
2.128324979715000981e-02
2.080621047468033530e-02
2.033163072475895755e-02
1.988440927755519977e-02
1.941680161362043661e-02
1.904488637381990604e-02
1.859237003269747363e-02
1.823736703206446305e-02
1.782757361386524270e-02
1.749896668892252788e-02
1.717318199899236716e-02
1.674281985004742040e-02
1.647832678238789553e-02
1.621336333760983045e-02
1.588055430576209778e-02
1.562418902296114354e-02
1.536718194821724316e-02
1.508563130047729274e-02
1.484886281672301821e-02
1.460026902867303002e-02
1.432278982976958881e-02
1.412417316425899037e-02
1.391374567419042217e-02
1.369434313272037407e-02
1.348958610366105329e-02
1.331801840100227917e-02
1.311134441940358351e-02
1.289975017250256407e-02
1.271700311781377712e-02
1.256531136331492937e-02
1.239777878537079089e-02
1.224215214554284087e-02
1.205952922371895594e-02
1.190224884610424985e-02
1.173000000674641850e-02
1.158390953612353433e-02
1.145521819151022226e-02
1.131037796532492409e-02
1.115026734329769079e-02
1.102004418883048044e-02
1.089740768643445053e-02
1.075737497883901342e-02
1.062812881129137840e-02
1.050954707849196049e-02
1.038920234143113699e-02
1.025693331621532929e-02
1.015110394873821806e-02
1.003252751226911196e-02
9.927119972448755075e-03
9.839872709401209158e-03
9.719316693267240903e-03
9.613130575379299006e-03
9.507301400027345570e-03
9.426679279829902613e-03
9.325068828895166639e-03
9.221749489879643366e-03
9.124507504569509889e-03
9.034228594303641072e-03
8.941859667555429256e-03
8.850496932584519388e-03
8.777465515045679637e-03
8.713535163076779194e-03
