6.696770697468182876e-01
7.737118868121031223e-01
8.054377451855787573e-01
8.224239698459163694e-01
8.332217610825644050e-01
8.434731646569406660e-01
8.510272085147215781e-01
8.579659131989805232e-01
8.649330961540137030e-01
8.744931811933186472e-01
8.773412410326411059e-01
8.812349181721403912e-01
8.859585031964771762e-01
8.967777976528031880e-01
8.987856854201845547e-01
9.024822139662264098e-01
9.050726834329534398e-01
9.107372415823544731e-01
9.134315737630149812e-01
9.183697944431077342e-01
9.248340597181854417e-01
9.289638793730785604e-01
9.336141714432232286e-01
9.353276162726004150e-01
9.380779891708606044e-01
9.412211347782019066e-01
9.429027940900972515e-01
9.449300049744510099e-01
9.483432891910286155e-01
9.531427534376218924e-01
9.545079570533149260e-01
9.545079570533149260e-01
9.545079570533149260e-01
9.577060011284675989e-01
9.584053018277682856e-01
9.597434686734537257e-01
9.610566521747022639e-01
9.620724639047997240e-01
9.634330081224868891e-01
9.637851207985432822e-01
9.651186912110608640e-01
9.676938988098511274e-01
9.687314574952969881e-01
9.700615186336764006e-01
9.700615186336764006e-01
9.710571326687640337e-01
9.710571326687640337e-01
9.717150274056061132e-01
9.723816940722729285e-01
9.730395888091150081e-01
9.730395888091150081e-01
9.737198609179585906e-01
9.737198609179585906e-01
9.743777556548005592e-01
9.743777556548005592e-01
9.747067030232218210e-01
9.754109283753343851e-01
9.761151537274470602e-01
9.767818203941137645e-01
9.774667519009631045e-01
9.781660526002637912e-01
9.781660526002637912e-01
9.802308221700635205e-01
9.802308221700635205e-01
9.815630342617692738e-01
9.815630342617692738e-01
9.850792363695207721e-01
9.850792363695207721e-01
9.853044615947460505e-01
9.859711282614126437e-01
9.859711282614126437e-01
9.876426284404316025e-01
9.883092951070983068e-01
9.893419291397321791e-01
9.893419291397321791e-01
9.893419291397321791e-01
9.893419291397321791e-01
9.899748405321373568e-01
9.908667324240292285e-01
9.908667324240292285e-01
9.914996438164344061e-01
9.921799159252779887e-01
9.928128273176829444e-01
9.928128273176829444e-01
9.931529633721047912e-01
9.931529633721047912e-01
9.938571887242174663e-01
9.938571887242174663e-01
9.949135267523864234e-01
9.956177521044990986e-01
9.969782963221861527e-01
9.969782963221861527e-01
9.969782963221861527e-01
9.976585684310297353e-01
9.976585684310297353e-01
9.983578691303304220e-01
9.983578691303304220e-01
9.986868164987512397e-01
9.986868164987512397e-01
9.986868164987512397e-01
9.993197278911564174e-01
1.000000000000000000e+00
