6.872065727699528948e-01
8.145539906103287375e-01
8.468309859154929953e-01
8.538732394366197465e-01
8.538732394366197465e-01
8.609154929577464976e-01
8.609154929577464976e-01
8.679577464788732488e-01
8.855633802816901268e-01
8.855633802816901268e-01
8.890845070422535024e-01
8.961267605633802535e-01
8.996478873239436291e-01
9.066901408450703803e-01
9.066901408450703803e-01
9.137323943661971315e-01
9.207746478873239937e-01
9.207746478873239937e-01
9.207746478873239937e-01
9.225352112676056260e-01
9.225352112676056260e-01
9.260563380281690016e-01
9.330985915492957528e-01
9.330985915492957528e-01
9.471830985915492551e-01
9.542253521126760063e-01
9.647887323943662441e-01
9.647887323943662441e-01
9.647887323943662441e-01
9.647887323943662441e-01
9.647887323943662441e-01
9.647887323943662441e-01
9.647887323943662441e-01
9.647887323943662441e-01
9.718309859154929953e-01
9.718309859154929953e-01
9.718309859154929953e-01
9.718309859154929953e-01
9.718309859154929953e-01
9.718309859154929953e-01
9.718309859154929953e-01
9.718309859154929953e-01
9.718309859154929953e-01
9.718309859154929953e-01
9.718309859154929953e-01
9.718309859154929953e-01
9.718309859154929953e-01
9.718309859154929953e-01
9.718309859154929953e-01
9.718309859154929953e-01
9.718309859154929953e-01
9.718309859154929953e-01
9.718309859154929953e-01
9.718309859154929953e-01
9.718309859154929953e-01
9.718309859154929953e-01
9.718309859154929953e-01
9.718309859154929953e-01
9.718309859154929953e-01
9.718309859154929953e-01
9.718309859154929953e-01
9.718309859154929953e-01
9.718309859154929953e-01
9.718309859154929953e-01
9.718309859154929953e-01
9.718309859154929953e-01
9.718309859154929953e-01
9.718309859154929953e-01
9.718309859154929953e-01
9.718309859154929953e-01
9.788732394366197465e-01
9.788732394366197465e-01
9.788732394366197465e-01
9.788732394366197465e-01
9.788732394366197465e-01
9.788732394366197465e-01
9.788732394366197465e-01
9.859154929577464976e-01
9.859154929577464976e-01
9.859154929577464976e-01
9.859154929577464976e-01
9.859154929577464976e-01
9.929577464788732488e-01
9.929577464788732488e-01
9.929577464788732488e-01
9.929577464788732488e-01
9.929577464788732488e-01
9.929577464788732488e-01
9.929577464788732488e-01
9.929577464788732488e-01
9.929577464788732488e-01
9.929577464788732488e-01
9.929577464788732488e-01
9.929577464788732488e-01
9.929577464788732488e-01
9.929577464788732488e-01
9.929577464788732488e-01
9.929577464788732488e-01
9.929577464788732488e-01
9.929577464788732488e-01
9.929577464788732488e-01
9.929577464788732488e-01
9.929577464788732488e-01
9.929577464788732488e-01
9.929577464788732488e-01
9.929577464788732488e-01
9.929577464788732488e-01
9.929577464788732488e-01
9.929577464788732488e-01
1.000000000000000000e+00
1.000000000000000000e+00
1.000000000000000000e+00
1.000000000000000000e+00
1.000000000000000000e+00
1.000000000000000000e+00
1.000000000000000000e+00
1.000000000000000000e+00
1.000000000000000000e+00
1.000000000000000000e+00
1.000000000000000000e+00
1.000000000000000000e+00
1.000000000000000000e+00
1.000000000000000000e+00
1.000000000000000000e+00
1.000000000000000000e+00
1.000000000000000000e+00
1.000000000000000000e+00
