7.302777777777776924e-01
8.183333333333334680e-01
8.475000000000001421e-01
8.555555555555556246e-01
8.730555555555555847e-01
8.747222222222222898e-01
8.755555555555556424e-01
8.755555555555556424e-01
8.755555555555556424e-01
8.755555555555556424e-01
8.755555555555556424e-01
8.788888888888889417e-01
8.788888888888889417e-01
8.788888888888889417e-01
8.822222222222222410e-01
8.822222222222222410e-01
8.888888888888889506e-01
8.888888888888889506e-01
8.888888888888889506e-01
8.888888888888889506e-01
8.888888888888889506e-01
8.955555555555556602e-01
8.955555555555556602e-01
8.955555555555556602e-01
9.022222222222222587e-01
9.088888888888889683e-01
9.088888888888889683e-01
9.088888888888889683e-01
9.155555555555555669e-01
9.155555555555555669e-01
9.188888888888889772e-01
9.188888888888889772e-01
9.188888888888889772e-01
9.188888888888889772e-01
9.255555555555555758e-01
9.322222222222222854e-01
9.322222222222222854e-01
9.355555555555555847e-01
9.355555555555555847e-01
9.355555555555555847e-01
9.355555555555555847e-01
9.355555555555555847e-01
9.377777777777777102e-01
9.377777777777777102e-01
9.377777777777777102e-01
9.377777777777777102e-01
9.377777777777777102e-01
9.377777777777777102e-01
9.377777777777777102e-01
9.377777777777777102e-01
9.377777777777777102e-01
9.377777777777777102e-01
9.466666666666666563e-01
9.499999999999999556e-01
9.533333333333333659e-01
9.533333333333333659e-01
9.533333333333333659e-01
9.599999999999999645e-01
9.599999999999999645e-01
9.599999999999999645e-01
9.599999999999999645e-01
9.666666666666666741e-01
9.666666666666666741e-01
9.666666666666666741e-01
9.666666666666666741e-01
9.666666666666666741e-01
9.666666666666666741e-01
9.666666666666666741e-01
9.666666666666666741e-01
9.666666666666666741e-01
9.666666666666666741e-01
9.666666666666666741e-01
9.666666666666666741e-01
9.666666666666666741e-01
9.733333333333333837e-01
9.733333333333333837e-01
9.733333333333333837e-01
9.733333333333333837e-01
9.733333333333333837e-01
9.733333333333333837e-01
9.733333333333333837e-01
9.733333333333333837e-01
9.733333333333333837e-01
9.733333333333333837e-01
9.733333333333333837e-01
9.733333333333333837e-01
9.733333333333333837e-01
9.733333333333333837e-01
9.799999999999999822e-01
9.799999999999999822e-01
9.799999999999999822e-01
9.833333333333332815e-01
9.899999999999999911e-01
9.933333333333332904e-01
9.933333333333332904e-01
9.933333333333332904e-01
9.933333333333332904e-01
9.933333333333332904e-01
9.933333333333332904e-01
1.000000000000000000e+00
1.000000000000000000e+00
1.000000000000000000e+00
1.000000000000000000e+00
1.000000000000000000e+00
1.000000000000000000e+00
1.000000000000000000e+00
1.000000000000000000e+00
1.000000000000000000e+00
1.000000000000000000e+00
1.000000000000000000e+00
1.000000000000000000e+00
1.000000000000000000e+00
1.000000000000000000e+00
1.000000000000000000e+00
1.000000000000000000e+00
1.000000000000000000e+00
1.000000000000000000e+00
1.000000000000000000e+00
1.000000000000000000e+00
1.000000000000000000e+00
1.000000000000000000e+00
1.000000000000000000e+00
1.000000000000000000e+00
1.000000000000000000e+00
1.000000000000000000e+00
1.000000000000000000e+00
1.000000000000000000e+00
1.000000000000000000e+00
1.000000000000000000e+00
1.000000000000000000e+00
1.000000000000000000e+00
