5.955399061032864427e-01
7.286384976525821511e-01
7.572769953051643466e-01
7.732394366197182789e-01
7.826291079812206508e-01
7.981220657276995034e-01
8.122065727699530058e-01
8.227699530516431325e-01
8.333333333333332593e-01
8.356807511737088801e-01
8.638497652582158848e-01
8.638497652582158848e-01
8.638497652582158848e-01
8.638497652582158848e-01
8.638497652582158848e-01
8.849765258215961383e-01
8.849765258215961383e-01
8.849765258215961383e-01
8.849765258215961383e-01
8.884976525821595139e-01
8.884976525821595139e-01
8.884976525821595139e-01
8.955399061032862651e-01
8.955399061032862651e-01
8.990610328638497517e-01
8.990610328638497517e-01
9.061032863849765029e-01
9.061032863849765029e-01
9.131455399061032541e-01
9.225352112676056260e-01
9.225352112676056260e-01
9.225352112676056260e-01
9.295774647887323772e-01
9.436619718309858795e-01
9.436619718309858795e-01
9.436619718309858795e-01
9.436619718309858795e-01
9.436619718309858795e-01
9.436619718309858795e-01
9.436619718309858795e-01
9.436619718309858795e-01
9.436619718309858795e-01
9.436619718309858795e-01
9.436619718309858795e-01
9.436619718309858795e-01
9.471830985915492551e-01
9.471830985915492551e-01
9.471830985915492551e-01
9.471830985915492551e-01
9.542253521126760063e-01
9.542253521126760063e-01
9.542253521126760063e-01
9.542253521126760063e-01
9.542253521126760063e-01
9.542253521126760063e-01
9.542253521126760063e-01
9.542253521126760063e-01
9.542253521126760063e-01
9.542253521126760063e-01
9.542253521126760063e-01
9.542253521126760063e-01
9.542253521126760063e-01
9.542253521126760063e-01
9.542253521126760063e-01
9.542253521126760063e-01
9.612676056338028685e-01
9.612676056338028685e-01
9.612676056338028685e-01
9.612676056338028685e-01
9.612676056338028685e-01
9.612676056338028685e-01
9.612676056338028685e-01
9.612676056338028685e-01
9.612676056338028685e-01
9.612676056338028685e-01
9.612676056338028685e-01
9.753521126760563709e-01
9.823943661971831220e-01
9.823943661971831220e-01
9.823943661971831220e-01
9.823943661971831220e-01
9.823943661971831220e-01
9.823943661971831220e-01
9.823943661971831220e-01
9.823943661971831220e-01
9.823943661971831220e-01
9.823943661971831220e-01
9.823943661971831220e-01
9.823943661971831220e-01
9.823943661971831220e-01
9.823943661971831220e-01
9.823943661971831220e-01
9.823943661971831220e-01
9.823943661971831220e-01
9.823943661971831220e-01
9.823943661971831220e-01
9.823943661971831220e-01
9.823943661971831220e-01
9.823943661971831220e-01
9.823943661971831220e-01
9.894366197183098732e-01
9.894366197183098732e-01
9.929577464788732488e-01
1.000000000000000000e+00
1.000000000000000000e+00
1.000000000000000000e+00
1.000000000000000000e+00
1.000000000000000000e+00
1.000000000000000000e+00
1.000000000000000000e+00
1.000000000000000000e+00
1.000000000000000000e+00
1.000000000000000000e+00
1.000000000000000000e+00
1.000000000000000000e+00
1.000000000000000000e+00
1.000000000000000000e+00
1.000000000000000000e+00
1.000000000000000000e+00
