6.581140350877191514e-01
7.438596491228072205e-01
7.687499999999999334e-01
8.095394736842105310e-01
8.157894736842105088e-01
8.256578947368421462e-01
8.289473684210526550e-01
8.322368421052631637e-01
8.388157894736841813e-01
8.388157894736841813e-01
8.453947368421053099e-01
8.453947368421053099e-01
8.519736842105263275e-01
8.651315789473684736e-01
8.651315789473684736e-01
8.684210526315789824e-01
8.684210526315789824e-01
8.684210526315789824e-01
8.684210526315789824e-01
8.684210526315789824e-01
8.815789473684210176e-01
8.881578947368421462e-01
9.078947368421053099e-01
9.210526315789473450e-01
9.210526315789473450e-01
9.276315789473684736e-01
9.309210526315789824e-01
9.309210526315789824e-01
9.309210526315789824e-01
9.375000000000000000e-01
9.375000000000000000e-01
9.375000000000000000e-01
9.440789473684210176e-01
9.506578947368421462e-01
9.506578947368421462e-01
9.506578947368421462e-01
9.506578947368421462e-01
9.506578947368421462e-01
9.506578947368421462e-01
9.506578947368421462e-01
9.506578947368421462e-01
9.572368421052631637e-01
9.572368421052631637e-01
9.572368421052631637e-01
9.572368421052631637e-01
9.572368421052631637e-01
9.572368421052631637e-01
9.638157894736841813e-01
9.638157894736841813e-01
9.638157894736841813e-01
9.638157894736841813e-01
9.638157894736841813e-01
9.671052631578946901e-01
9.671052631578946901e-01
9.671052631578946901e-01
9.736842105263158187e-01
9.736842105263158187e-01
9.802631578947368363e-01
9.802631578947368363e-01
9.802631578947368363e-01
9.802631578947368363e-01
9.802631578947368363e-01
9.868421052631578538e-01
9.868421052631578538e-01
9.901315789473684736e-01
9.901315789473684736e-01
9.901315789473684736e-01
9.901315789473684736e-01
9.901315789473684736e-01
9.901315789473684736e-01
9.901315789473684736e-01
9.901315789473684736e-01
9.901315789473684736e-01
9.901315789473684736e-01
9.901315789473684736e-01
9.901315789473684736e-01
9.901315789473684736e-01
9.901315789473684736e-01
9.901315789473684736e-01
9.901315789473684736e-01
9.901315789473684736e-01
9.901315789473684736e-01
9.901315789473684736e-01
9.967105263157894912e-01
9.967105263157894912e-01
9.967105263157894912e-01
9.967105263157894912e-01
9.967105263157894912e-01
9.967105263157894912e-01
9.967105263157894912e-01
9.967105263157894912e-01
9.967105263157894912e-01
9.967105263157894912e-01
9.967105263157894912e-01
9.967105263157894912e-01
9.967105263157894912e-01
9.967105263157894912e-01
9.967105263157894912e-01
9.967105263157894912e-01
9.967105263157894912e-01
9.967105263157894912e-01
9.967105263157894912e-01
9.967105263157894912e-01
9.967105263157894912e-01
9.967105263157894912e-01
9.967105263157894912e-01
9.967105263157894912e-01
9.967105263157894912e-01
9.967105263157894912e-01
9.967105263157894912e-01
9.967105263157894912e-01
9.967105263157894912e-01
9.967105263157894912e-01
9.967105263157894912e-01
1.000000000000000000e+00
1.000000000000000000e+00
1.000000000000000000e+00
1.000000000000000000e+00
1.000000000000000000e+00
1.000000000000000000e+00
