6.878787878787878673e-01
7.801864801864802912e-01
8.305361305361306234e-01
8.424242424242424088e-01
8.508158508158508715e-01
8.508158508158508715e-01
8.508158508158508715e-01
8.508158508158508715e-01
8.508158508158508715e-01
8.508158508158508715e-01
8.508158508158508715e-01
8.508158508158508715e-01
8.508158508158508715e-01
8.601398601398601018e-01
8.601398601398601018e-01
8.846153846153845812e-01
8.916083916083915595e-01
8.916083916083915595e-01
8.916083916083915595e-01
9.055944055944056270e-01
9.149184149184149684e-01
9.219114219114219466e-01
9.242424242424241987e-01
9.312354312354311769e-01
9.382284382284381552e-01
9.382284382284381552e-01
9.452214452214451335e-01
9.452214452214451335e-01
9.522144522144521117e-01
9.545454545454545858e-01
9.545454545454545858e-01
9.545454545454545858e-01
9.545454545454545858e-01
9.545454545454545858e-01
9.580419580419580194e-01
9.580419580419580194e-01
9.580419580419580194e-01
9.580419580419580194e-01
9.580419580419580194e-01
9.580419580419580194e-01
9.650349650349649977e-01
9.650349650349649977e-01
9.650349650349649977e-01
9.650349650349649977e-01
9.650349650349649977e-01
9.650349650349649977e-01
9.650349650349649977e-01
9.650349650349649977e-01
9.650349650349649977e-01
9.650349650349649977e-01
9.650349650349649977e-01
9.650349650349649977e-01
9.650349650349649977e-01
9.650349650349649977e-01
9.650349650349649977e-01
9.650349650349649977e-01
9.650349650349649977e-01
9.650349650349649977e-01
9.650349650349649977e-01
9.650349650349649977e-01
9.650349650349649977e-01
9.650349650349649977e-01
9.650349650349649977e-01
9.650349650349649977e-01
9.650349650349649977e-01
9.650349650349649977e-01
9.650349650349649977e-01
9.650349650349649977e-01
9.650349650349649977e-01
9.650349650349649977e-01
9.650349650349649977e-01
9.720279720279719760e-01
9.720279720279719760e-01
9.720279720279719760e-01
9.720279720279719760e-01
9.720279720279719760e-01
9.790209790209790652e-01
9.790209790209790652e-01
9.860139860139860435e-01
9.860139860139860435e-01
9.860139860139860435e-01
9.860139860139860435e-01
9.860139860139860435e-01
9.860139860139860435e-01
9.860139860139860435e-01
9.860139860139860435e-01
9.860139860139860435e-01
9.930069930069930217e-01
9.930069930069930217e-01
9.930069930069930217e-01
9.930069930069930217e-01
9.930069930069930217e-01
9.930069930069930217e-01
9.930069930069930217e-01
9.930069930069930217e-01
9.930069930069930217e-01
9.930069930069930217e-01
9.930069930069930217e-01
9.930069930069930217e-01
9.930069930069930217e-01
9.930069930069930217e-01
9.930069930069930217e-01
9.930069930069930217e-01
9.930069930069930217e-01
9.930069930069930217e-01
9.930069930069930217e-01
9.930069930069930217e-01
9.930069930069930217e-01
9.930069930069930217e-01
9.930069930069930217e-01
9.930069930069930217e-01
9.930069930069930217e-01
9.930069930069930217e-01
1.000000000000000000e+00
1.000000000000000000e+00
1.000000000000000000e+00
1.000000000000000000e+00
1.000000000000000000e+00
1.000000000000000000e+00
1.000000000000000000e+00
1.000000000000000000e+00
1.000000000000000000e+00
