6.933558558558559071e-01
7.628378378378377622e-01
7.962837837837837274e-01
8.162162162162162060e-01
8.229729729729730048e-01
8.364864864864864913e-01
8.398648648648648907e-01
8.398648648648648907e-01
8.398648648648648907e-01
8.668918918918919747e-01
8.804054054054054612e-01
8.905405405405406594e-01
8.972972972972973471e-01
8.972972972972973471e-01
8.995495495495494653e-01
9.211711711711711992e-01
9.346846846846847967e-01
9.414414414414414845e-01
9.481981981981982832e-01
9.481981981981982832e-01
9.549549549549549710e-01
9.549549549549549710e-01
9.549549549549549710e-01
9.549549549549549710e-01
9.549549549549549710e-01
9.650900900900901691e-01
9.650900900900901691e-01
9.718468468468468568e-01
9.718468468468468568e-01
9.819819819819820550e-01
9.819819819819820550e-01
9.819819819819820550e-01
9.819819819819820550e-01
9.819819819819820550e-01
9.819819819819820550e-01
9.819819819819820550e-01
9.819819819819820550e-01
9.819819819819820550e-01
9.819819819819820550e-01
9.819819819819820550e-01
9.819819819819820550e-01
9.819819819819820550e-01
9.819819819819820550e-01
9.819819819819820550e-01
9.819819819819820550e-01
9.819819819819820550e-01
9.887387387387388538e-01
9.887387387387388538e-01
9.887387387387388538e-01
9.887387387387388538e-01
9.954954954954955415e-01
9.954954954954955415e-01
9.954954954954955415e-01
9.954954954954955415e-01
9.954954954954955415e-01
9.954954954954955415e-01
9.954954954954955415e-01
9.954954954954955415e-01
9.954954954954955415e-01
9.954954954954955415e-01
9.954954954954955415e-01
9.954954954954955415e-01
9.954954954954955415e-01
9.954954954954955415e-01
9.954954954954955415e-01
9.954954954954955415e-01
9.954954954954955415e-01
9.954954954954955415e-01
9.954954954954955415e-01
9.954954954954955415e-01
9.954954954954955415e-01
9.954954954954955415e-01
9.954954954954955415e-01
9.954954954954955415e-01
9.954954954954955415e-01
9.954954954954955415e-01
9.954954954954955415e-01
9.954954954954955415e-01
9.954954954954955415e-01
9.954954954954955415e-01
9.954954954954955415e-01
9.954954954954955415e-01
9.954954954954955415e-01
9.954954954954955415e-01
9.954954954954955415e-01
9.977477477477476597e-01
9.977477477477476597e-01
9.977477477477476597e-01
9.977477477477476597e-01
9.977477477477476597e-01
9.977477477477476597e-01
9.977477477477476597e-01
9.977477477477476597e-01
9.977477477477476597e-01
9.977477477477476597e-01
9.977477477477476597e-01
9.977477477477476597e-01
1.000000000000000000e+00
1.000000000000000000e+00
1.000000000000000000e+00
1.000000000000000000e+00
1.000000000000000000e+00
1.000000000000000000e+00
1.000000000000000000e+00
1.000000000000000000e+00
1.000000000000000000e+00
1.000000000000000000e+00
1.000000000000000000e+00
1.000000000000000000e+00
1.000000000000000000e+00
1.000000000000000000e+00
1.000000000000000000e+00
1.000000000000000000e+00
1.000000000000000000e+00
1.000000000000000000e+00
1.000000000000000000e+00
1.000000000000000000e+00
1.000000000000000000e+00
1.000000000000000000e+00
1.000000000000000000e+00
1.000000000000000000e+00
1.000000000000000000e+00
1.000000000000000000e+00
1.000000000000000000e+00
1.000000000000000000e+00
1.000000000000000000e+00
1.000000000000000000e+00
1.000000000000000000e+00
